"var_main_effect","var_inter_effect","cov_main_inter_effect","var_total_effect","GCTA_main","GCTA_inter","sub_GCTA_main","sub_GCTA_inter","GCTA_main.1","GCTA_inter.1","sub_GCTA_main.1","sub_GCTA_inter.1","x_dist","structure","p","n","main_fixed_var","main_random_var","inter_fixed_var","inter_random_var","reduce_coef","last","interact","decor","combine","pro","bs","n_sub","rho_e","emp_n","inter_std","i"
9.99999999999999,0,0,0,0,0,19.8833330742507,0,0,0,19.8833330742507,0,"normal","un",1000,500,0.5,0,0,0,1,FALSE,0,TRUE,FALSE,101,"leave-1",500,0.5,1e+05,TRUE,2
9.99999999999999,0,0,0,0,0,0,0,0,0,0,0,"normal","un",1000,500,0.5,0,0,0,1,FALSE,0,TRUE,FALSE,101,"leave-1",500,0.5,1e+05,TRUE,2
9.99999999999999,0,0,0,0,0,0,0,0,0,0,0,"normal","un",1000,500,0.5,0,0,0,1,FALSE,0,TRUE,FALSE,101,"leave-1",500,0.5,1e+05,TRUE,2
9.99999999999999,0,0,0,0,0,0,0,0,0,0,0,"normal","un",1000,500,0.5,0,0,0,1,FALSE,0,TRUE,FALSE,101,"leave-1",500,0.5,1e+05,TRUE,2
9.99999999999999,0,0,0,0,0,NA,NA,0,0,NA,NA,"normal","un",1000,500,0.5,0,0,0,1,FALSE,0,TRUE,FALSE,101,"leave-1",500,0.5,1e+05,TRUE,2
9.99999999999999,0,0,0,0,0,19.8777944784761,0,0,0,19.8777944784761,0,"normal","un",1000,500,0.5,0,0,0,1,FALSE,0,TRUE,FALSE,101,"leave-1",500,0.5,1e+05,TRUE,2
9.99999999999999,0,0,0,0,0,0,0,0,0,0,0,"normal","un",1000,500,0.5,0,0,0,1,FALSE,0,TRUE,FALSE,101,"leave-1",500,0.5,1e+05,TRUE,2
9.99999999999999,0,0,0,0,0,0,0,0,0,0,0,"normal","un",1000,500,0.5,0,0,0,1,FALSE,0,TRUE,FALSE,101,"leave-1",500,0.5,1e+05,TRUE,2
9.99999999999999,0,0,0,0,0,19.8619688634834,0,0,0,19.8619688634834,0,"normal","un",1000,500,0.5,0,0,0,1,FALSE,0,TRUE,FALSE,101,"leave-1",500,0.5,1e+05,TRUE,2
9.99999999999999,0,0,0,0,0,19.8748830080349,0,0,0,19.8748830080349,0,"normal","un",1000,500,0.5,0,0,0,1,FALSE,0,TRUE,FALSE,101,"leave-1",500,0.5,1e+05,TRUE,2
9.99999999999999,0,0,0,0,0,0,0,0,0,0,0,"normal","un",1000,500,0.5,0,0,0,1,FALSE,0,TRUE,FALSE,101,"leave-1",500,0.5,1e+05,TRUE,2
9.99999999999999,0,0,0,0,0,19.8691301947512,0,0,0,19.8691301947512,0,"normal","un",1000,500,0.5,0,0,0,1,FALSE,0,TRUE,FALSE,101,"leave-1",500,0.5,1e+05,TRUE,2
9.99999999999999,0,0,0,0,0,0,0,0,0,0,0,"normal","un",1000,500,0.5,0,0,0,1,FALSE,0,TRUE,FALSE,101,"leave-1",500,0.5,1e+05,TRUE,2
9.99999999999999,0,0,0,0,0,0,0,0,0,0,0,"normal","un",1000,500,0.5,0,0,0,1,FALSE,0,TRUE,FALSE,101,"leave-1",500,0.5,1e+05,TRUE,2
9.99999999999999,0,0,0,0,0,19.7891053306618,0,0,0,19.7891053306618,0,"normal","un",1000,500,0.5,0,0,0,1,FALSE,0,TRUE,FALSE,101,"leave-1",500,0.5,1e+05,TRUE,2
9.99999999999999,0,0,0,0,0,19.875406284774,0,0,0,19.875406284774,0,"normal","un",1000,500,0.5,0,0,0,1,FALSE,0,TRUE,FALSE,101,"leave-1",500,0.5,1e+05,TRUE,2
9.99999999999999,0,0,0,0,0,19.8614241802131,0,0,0,19.8614241802131,0,"normal","un",1000,500,0.5,0,0,0,1,FALSE,0,TRUE,FALSE,101,"leave-1",500,0.5,1e+05,TRUE,2
9.99999999999999,0,0,0,0,0,19.877983243426,0,0,0,19.877983243426,0,"normal","un",1000,500,0.5,0,0,0,1,FALSE,0,TRUE,FALSE,101,"leave-1",500,0.5,1e+05,TRUE,2
9.99999999999999,0,0,0,0,0,0,0,0,0,0,0,"normal","un",1000,500,0.5,0,0,0,1,FALSE,0,TRUE,FALSE,101,"leave-1",500,0.5,1e+05,TRUE,2
9.99999999999999,0,0,0,0,0,0,0,0,0,0,0,"normal","un",1000,500,0.5,0,0,0,1,FALSE,0,TRUE,FALSE,101,"leave-1",500,0.5,1e+05,TRUE,2
9.99999999999999,0,0,0,0,0,19.8835212541768,0,0,0,19.8835212541768,0,"normal","un",1000,500,0.5,0,0,0,1,FALSE,0,TRUE,FALSE,101,"leave-1",500,0.5,1e+05,TRUE,2
9.99999999999999,0,0,0,0,0,19.8399440496707,0,0,0,19.8399440496707,0,"normal","un",1000,500,0.5,0,0,0,1,FALSE,0,TRUE,FALSE,101,"leave-1",500,0.5,1e+05,TRUE,2
9.99999999999999,0,0,0,0,0,0,0,0,0,0,0,"normal","un",1000,500,0.5,0,0,0,1,FALSE,0,TRUE,FALSE,101,"leave-1",500,0.5,1e+05,TRUE,2
9.99999999999999,0,0,0,0,0,0,0,0,0,0,0,"normal","un",1000,500,0.5,0,0,0,1,FALSE,0,TRUE,FALSE,101,"leave-1",500,0.5,1e+05,TRUE,2
9.99999999999999,0,0,0,0,0,19.881665729781,0,0,0,19.881665729781,0,"normal","un",1000,500,0.5,0,0,0,1,FALSE,0,TRUE,FALSE,101,"leave-1",500,0.5,1e+05,TRUE,2
9.99999999999999,0,0,0,0,0,19.8665142676759,0,0,0,19.8665142676759,0,"normal","un",1000,500,0.5,0,0,0,1,FALSE,0,TRUE,FALSE,101,"leave-1",500,0.5,1e+05,TRUE,2
9.99999999999999,0,0,0,0,0,0,0,0,0,0,0,"normal","un",1000,500,0.5,0,0,0,1,FALSE,0,TRUE,FALSE,101,"leave-1",500,0.5,1e+05,TRUE,2
9.99999999999999,0,0,0,0,0,19.8789787867427,0,0,0,19.8789787867427,0,"normal","un",1000,500,0.5,0,0,0,1,FALSE,0,TRUE,FALSE,101,"leave-1",500,0.5,1e+05,TRUE,2
9.99999999999999,0,0,0,0,0,0,0,0,0,0,0,"normal","un",1000,500,0.5,0,0,0,1,FALSE,0,TRUE,FALSE,101,"leave-1",500,0.5,1e+05,TRUE,2
9.99999999999999,0,0,0,0,0,19.833654734793,0,0,0,19.833654734793,0,"normal","un",1000,500,0.5,0,0,0,1,FALSE,0,TRUE,FALSE,101,"leave-1",500,0.5,1e+05,TRUE,2
9.99999999999999,0,0,0,0,0,19.8442943869646,0,0,0,19.8442943869646,0,"normal","un",1000,500,0.5,0,0,0,1,FALSE,0,TRUE,FALSE,101,"leave-1",500,0.5,1e+05,TRUE,2
9.99999999999999,0,0,0,0,0,19.881520808468,0,0,0,19.881520808468,0,"normal","un",1000,500,0.5,0,0,0,1,FALSE,0,TRUE,FALSE,101,"leave-1",500,0.5,1e+05,TRUE,2
9.99999999999999,0,0,0,0,0,19.7305565092116,0,0,0,19.7305565092116,0,"normal","un",1000,500,0.5,0,0,0,1,FALSE,0,TRUE,FALSE,101,"leave-1",500,0.5,1e+05,TRUE,2
9.99999999999999,0,0,0,0,0,0,0,0,0,0,0,"normal","un",1000,500,0.5,0,0,0,1,FALSE,0,TRUE,FALSE,101,"leave-1",500,0.5,1e+05,TRUE,2
9.99999999999999,0,0,0,0,0,0,0,0,0,0,0,"normal","un",1000,500,0.5,0,0,0,1,FALSE,0,TRUE,FALSE,101,"leave-1",500,0.5,1e+05,TRUE,2
9.99999999999999,0,0,0,0,0,0,0,0,0,0,0,"normal","un",1000,500,0.5,0,0,0,1,FALSE,0,TRUE,FALSE,101,"leave-1",500,0.5,1e+05,TRUE,2
9.99999999999999,0,0,0,0,0,0,0,0,0,0,0,"normal","un",1000,500,0.5,0,0,0,1,FALSE,0,TRUE,FALSE,101,"leave-1",500,0.5,1e+05,TRUE,2
9.99999999999999,0,0,0,0,0,19.8835844956398,0,0,0,19.8835844956398,0,"normal","un",1000,500,0.5,0,0,0,1,FALSE,0,TRUE,FALSE,101,"leave-1",500,0.5,1e+05,TRUE,2
9.99999999999999,0,0,0,0,0,19.771374399989,0,0,0,19.771374399989,0,"normal","un",1000,500,0.5,0,0,0,1,FALSE,0,TRUE,FALSE,101,"leave-1",500,0.5,1e+05,TRUE,2
9.99999999999999,0,0,0,0,0,19.836782932173,0,0,0,19.836782932173,0,"normal","un",1000,500,0.5,0,0,0,1,FALSE,0,TRUE,FALSE,101,"leave-1",500,0.5,1e+05,TRUE,2
9.99999999999999,0,0,0,0,0,0,0,0,0,0,0,"normal","un",1000,500,0.5,0,0,0,1,FALSE,0,TRUE,FALSE,101,"leave-1",500,0.5,1e+05,TRUE,2
9.99999999999999,0,0,0,0,0,0,0,0,0,0,0,"normal","un",1000,500,0.5,0,0,0,1,FALSE,0,TRUE,FALSE,101,"leave-1",500,0.5,1e+05,TRUE,2
9.99999999999999,0,0,0,0,0,19.8294006802699,0,0,0,19.8294006802699,0,"normal","un",1000,500,0.5,0,0,0,1,FALSE,0,TRUE,FALSE,101,"leave-1",500,0.5,1e+05,TRUE,2
9.99999999999999,0,0,0,0,0,19.8757212309436,0,0,0,19.8757212309436,0,"normal","un",1000,500,0.5,0,0,0,1,FALSE,0,TRUE,FALSE,101,"leave-1",500,0.5,1e+05,TRUE,2
9.99999999999999,0,0,0,0,0,19.87904911549,0,0,0,19.87904911549,0,"normal","un",1000,500,0.5,0,0,0,1,FALSE,0,TRUE,FALSE,101,"leave-1",500,0.5,1e+05,TRUE,2
9.99999999999999,0,0,0,0,0,0,0,0,0,0,0,"normal","un",1000,500,0.5,0,0,0,1,FALSE,0,TRUE,FALSE,101,"leave-1",500,0.5,1e+05,TRUE,2
9.99999999999999,0,0,0,0,0,0,0,0,0,0,0,"normal","un",1000,500,0.5,0,0,0,1,FALSE,0,TRUE,FALSE,101,"leave-1",500,0.5,1e+05,TRUE,2
9.99999999999999,0,0,0,0,0,19.8836662697763,0,0,0,19.8836662697763,0,"normal","un",1000,500,0.5,0,0,0,1,FALSE,0,TRUE,FALSE,101,"leave-1",500,0.5,1e+05,TRUE,2
9.99999999999999,0,0,0,0,0,NA,NA,0,0,NA,NA,"normal","un",1000,500,0.5,0,0,0,1,FALSE,0,TRUE,FALSE,101,"leave-1",500,0.5,1e+05,TRUE,2
9.99999999999999,0,0,0,0,0,0,0,0,0,0,0,"normal","un",1000,500,0.5,0,0,0,1,FALSE,0,TRUE,FALSE,101,"leave-1",500,0.5,1e+05,TRUE,2
9.99999999999999,0,0,0,0,0,19.6443336547713,0,0,0,19.6443336547713,0,"normal","un",1000,500,0.5,0,0,0,1,FALSE,0,TRUE,FALSE,101,"leave-1",500,0.5,1e+05,TRUE,2
9.99999999999999,0,0,0,0,0,19.8591953449263,0,0,0,19.8591953449263,0,"normal","un",1000,500,0.5,0,0,0,1,FALSE,0,TRUE,FALSE,101,"leave-1",500,0.5,1e+05,TRUE,2
9.99999999999999,0,0,0,0,0,19.8834221953164,0,0,0,19.8834221953164,0,"normal","un",1000,500,0.5,0,0,0,1,FALSE,0,TRUE,FALSE,101,"leave-1",500,0.5,1e+05,TRUE,2
9.99999999999999,0,0,0,0,0,19.8826037177801,0,0,0,19.8826037177801,0,"normal","un",1000,500,0.5,0,0,0,1,FALSE,0,TRUE,FALSE,101,"leave-1",500,0.5,1e+05,TRUE,2
9.99999999999999,0,0,0,0,0,19.8298935568281,0,0,0,19.8298935568281,0,"normal","un",1000,500,0.5,0,0,0,1,FALSE,0,TRUE,FALSE,101,"leave-1",500,0.5,1e+05,TRUE,2
9.99999999999999,0,0,0,0,0,0,0,0,0,0,0,"normal","un",1000,500,0.5,0,0,0,1,FALSE,0,TRUE,FALSE,101,"leave-1",500,0.5,1e+05,TRUE,2
9.99999999999999,0,0,0,0,0,19.8823544501003,0,0,0,19.8823544501003,0,"normal","un",1000,500,0.5,0,0,0,1,FALSE,0,TRUE,FALSE,101,"leave-1",500,0.5,1e+05,TRUE,2
9.99999999999999,0,0,0,0,0,19.8835509957528,0,0,0,19.8835509957528,0,"normal","un",1000,500,0.5,0,0,0,1,FALSE,0,TRUE,FALSE,101,"leave-1",500,0.5,1e+05,TRUE,2
9.99999999999999,0,0,0,0,0,19.849719241282,0,0,0,19.849719241282,0,"normal","un",1000,500,0.5,0,0,0,1,FALSE,0,TRUE,FALSE,101,"leave-1",500,0.5,1e+05,TRUE,2
9.99999999999999,0,0,0,0,0,0,0,0,0,0,0,"normal","un",1000,500,0.5,0,0,0,1,FALSE,0,TRUE,FALSE,101,"leave-1",500,0.5,1e+05,TRUE,2
9.99999999999999,0,0,0,0,0,19.871572167534,0,0,0,19.871572167534,0,"normal","un",1000,500,0.5,0,0,0,1,FALSE,0,TRUE,FALSE,101,"leave-1",500,0.5,1e+05,TRUE,2
9.99999999999999,0,0,0,0,0,0,0,0,0,0,0,"normal","un",1000,500,0.5,0,0,0,1,FALSE,0,TRUE,FALSE,101,"leave-1",500,0.5,1e+05,TRUE,2
9.99999999999999,0,0,0,0,0,19.8813826123452,0,0,0,19.8813826123452,0,"normal","un",1000,500,0.5,0,0,0,1,FALSE,0,TRUE,FALSE,101,"leave-1",500,0.5,1e+05,TRUE,2
9.99999999999999,0,0,0,0,0,19.8827806605836,0,0,0,19.8827806605836,0,"normal","un",1000,500,0.5,0,0,0,1,FALSE,0,TRUE,FALSE,101,"leave-1",500,0.5,1e+05,TRUE,2
9.99999999999999,0,0,0,0,0,19.8828804484449,0,0,0,19.8828804484449,0,"normal","un",1000,500,0.5,0,0,0,1,FALSE,0,TRUE,FALSE,101,"leave-1",500,0.5,1e+05,TRUE,2
9.99999999999999,0,0,0,0,0,19.8814669749312,0,0,0,19.8814669749312,0,"normal","un",1000,500,0.5,0,0,0,1,FALSE,0,TRUE,FALSE,101,"leave-1",500,0.5,1e+05,TRUE,2
9.99999999999999,0,0,0,0,0,19.8318029619523,0,0,0,19.8318029619523,0,"normal","un",1000,500,0.5,0,0,0,1,FALSE,0,TRUE,FALSE,101,"leave-1",500,0.5,1e+05,TRUE,2
9.99999999999999,0,0,0,0,0,19.756376722479,0,0,0,19.756376722479,0,"normal","un",1000,500,0.5,0,0,0,1,FALSE,0,TRUE,FALSE,101,"leave-1",500,0.5,1e+05,TRUE,2
9.99999999999999,0,0,0,0,0,NA,NA,0,0,NA,NA,"normal","un",1000,500,0.5,0,0,0,1,FALSE,0,TRUE,FALSE,101,"leave-1",500,0.5,1e+05,TRUE,2
9.99999999999999,0,0,0,0,0,0,0,0,0,0,0,"normal","un",1000,500,0.5,0,0,0,1,FALSE,0,TRUE,FALSE,101,"leave-1",500,0.5,1e+05,TRUE,2
9.99999999999999,0,0,0,0,0,0,0,0,0,0,0,"normal","un",1000,500,0.5,0,0,0,1,FALSE,0,TRUE,FALSE,101,"leave-1",500,0.5,1e+05,TRUE,2
9.99999999999999,0,0,0,0,0,0,0,0,0,0,0,"normal","un",1000,500,0.5,0,0,0,1,FALSE,0,TRUE,FALSE,101,"leave-1",500,0.5,1e+05,TRUE,2
9.99999999999999,0,0,0,0,0,0,0,0,0,0,0,"normal","un",1000,500,0.5,0,0,0,1,FALSE,0,TRUE,FALSE,101,"leave-1",500,0.5,1e+05,TRUE,2
9.99999999999999,0,0,0,0,0,19.8831917062128,0,0,0,19.8831917062128,0,"normal","un",1000,500,0.5,0,0,0,1,FALSE,0,TRUE,FALSE,101,"leave-1",500,0.5,1e+05,TRUE,2
9.99999999999999,0,0,0,0,0,0,0,0,0,0,0,"normal","un",1000,500,0.5,0,0,0,1,FALSE,0,TRUE,FALSE,101,"leave-1",500,0.5,1e+05,TRUE,2
9.99999999999999,0,0,0,0,0,19.8709244412833,0,0,0,19.8709244412833,0,"normal","un",1000,500,0.5,0,0,0,1,FALSE,0,TRUE,FALSE,101,"leave-1",500,0.5,1e+05,TRUE,2
9.99999999999999,0,0,0,0,0,0,0,0,0,0,0,"normal","un",1000,500,0.5,0,0,0,1,FALSE,0,TRUE,FALSE,101,"leave-1",500,0.5,1e+05,TRUE,2
9.99999999999999,0,0,0,0,0,0,0,0,0,0,0,"normal","un",1000,500,0.5,0,0,0,1,FALSE,0,TRUE,FALSE,101,"leave-1",500,0.5,1e+05,TRUE,2
9.99999999999999,0,0,0,0,0,19.8508870274618,0,0,0,19.8508870274618,0,"normal","un",1000,500,0.5,0,0,0,1,FALSE,0,TRUE,FALSE,101,"leave-1",500,0.5,1e+05,TRUE,2
9.99999999999999,0,0,0,0,0,0,0,0,0,0,0,"normal","un",1000,500,0.5,0,0,0,1,FALSE,0,TRUE,FALSE,101,"leave-1",500,0.5,1e+05,TRUE,2
9.99999999999999,0,0,0,0,0,19.8701587045842,0,0,0,19.8701587045842,0,"normal","un",1000,500,0.5,0,0,0,1,FALSE,0,TRUE,FALSE,101,"leave-1",500,0.5,1e+05,TRUE,2
9.99999999999999,0,0,0,0,0,0,0,0,0,0,0,"normal","un",1000,500,0.5,0,0,0,1,FALSE,0,TRUE,FALSE,101,"leave-1",500,0.5,1e+05,TRUE,2
9.99999999999999,0,0,0,0,0,0,0,0,0,0,0,"normal","un",1000,500,0.5,0,0,0,1,FALSE,0,TRUE,FALSE,101,"leave-1",500,0.5,1e+05,TRUE,2
9.99999999999999,0,0,0,0,0,19.8426605617429,0,0,0,19.8426605617429,0,"normal","un",1000,500,0.5,0,0,0,1,FALSE,0,TRUE,FALSE,101,"leave-1",500,0.5,1e+05,TRUE,2
9.99999999999999,0,0,0,0,0,NA,NA,0,0,NA,NA,"normal","un",1000,500,0.5,0,0,0,1,FALSE,0,TRUE,FALSE,101,"leave-1",500,0.5,1e+05,TRUE,2
9.99999999999999,0,0,0,0,0,0,0,0,0,0,0,"normal","un",1000,500,0.5,0,0,0,1,FALSE,0,TRUE,FALSE,101,"leave-1",500,0.5,1e+05,TRUE,2
9.99999999999999,0,0,0,0,0,19.8265724319616,0,0,0,19.8265724319616,0,"normal","un",1000,500,0.5,0,0,0,1,FALSE,0,TRUE,FALSE,101,"leave-1",500,0.5,1e+05,TRUE,2
9.99999999999999,0,0,0,0,0,0,0,0,0,0,0,"normal","un",1000,500,0.5,0,0,0,1,FALSE,0,TRUE,FALSE,101,"leave-1",500,0.5,1e+05,TRUE,2
9.99999999999999,0,0,0,0,0,19.6929549932438,0,0,0,19.6929549932438,0,"normal","un",1000,500,0.5,0,0,0,1,FALSE,0,TRUE,FALSE,101,"leave-1",500,0.5,1e+05,TRUE,2
9.99999999999999,0,0,0,0,0,19.8805245434795,0,0,0,19.8805245434795,0,"normal","un",1000,500,0.5,0,0,0,1,FALSE,0,TRUE,FALSE,101,"leave-1",500,0.5,1e+05,TRUE,2
9.99999999999999,0,0,0,0,0,19.8836624915025,0,0,0,19.8836624915025,0,"normal","un",1000,500,0.5,0,0,0,1,FALSE,0,TRUE,FALSE,101,"leave-1",500,0.5,1e+05,TRUE,2
9.99999999999999,0,0,0,0,0,0,0,0,0,0,0,"normal","un",1000,500,0.5,0,0,0,1,FALSE,0,TRUE,FALSE,101,"leave-1",500,0.5,1e+05,TRUE,2
9.99999999999999,0,0,0,0,0,19.8502992103921,0,0,0,19.8502992103921,0,"normal","un",1000,500,0.5,0,0,0,1,FALSE,0,TRUE,FALSE,101,"leave-1",500,0.5,1e+05,TRUE,2
9.99999999999999,0,0,0,0,0,0,0,0,0,0,0,"normal","un",1000,500,0.5,0,0,0,1,FALSE,0,TRUE,FALSE,101,"leave-1",500,0.5,1e+05,TRUE,2
9.99999999999999,0,0,0,0,0,0,0,0,0,0,0,"normal","un",1000,500,0.5,0,0,0,1,FALSE,0,TRUE,FALSE,101,"leave-1",500,0.5,1e+05,TRUE,2
9.99999999999999,0,0,0,0,0,19.8757003799212,0,0,0,19.8757003799212,0,"normal","un",1000,500,0.5,0,0,0,1,FALSE,0,TRUE,FALSE,101,"leave-1",500,0.5,1e+05,TRUE,2
9.99999999999999,0,0,0,0,0,19.7735597318348,0,0,0,19.7735597318348,0,"normal","un",1000,500,0.5,0,0,0,1,FALSE,0,TRUE,FALSE,101,"leave-1",500,0.5,1e+05,TRUE,2
9.99999999999999,0,0,0,0,0,0,0,0,0,0,0,"normal","un",1000,500,0.5,0,0,0,1,FALSE,0,TRUE,FALSE,101,"leave-1",500,0.5,1e+05,TRUE,2
9.99999999999999,0,0,0,0,0,0,0,0,0,0,0,"normal","un",1000,500,0.5,0,0,0,1,FALSE,0,TRUE,FALSE,101,"leave-1",500,0.5,1e+05,TRUE,2
9.99999999999999,0,0,0,0,0,0,0,0,0,0,0,"normal","un",1000,500,0.5,0,0,0,1,FALSE,0,TRUE,FALSE,101,"leave-1",500,0.5,1e+05,TRUE,2
9.99999999999999,0,0,0,0,0,19.8779127928439,0,0,0,19.8779127928439,0,"normal","un",1000,500,0.5,0,0,0,1,FALSE,0,TRUE,FALSE,101,"leave-1",500,0.5,1e+05,TRUE,2
9.99999999999999,0,0,0,0,0,0,0,0,0,0,0,"normal","un",1000,500,0.5,0,0,0,1,FALSE,0,TRUE,FALSE,101,"leave-1",500,0.5,1e+05,TRUE,2
9.99999999999999,0,0,0,0,0,0,0,0,0,0,0,"normal","un",1000,500,0.5,0,0,0,1,FALSE,0,TRUE,FALSE,101,"leave-1",500,0.5,1e+05,TRUE,2
9.99999999999999,0,0,0,0,0,0,0,0,0,0,0,"normal","un",1000,500,0.5,0,0,0,1,FALSE,0,TRUE,FALSE,101,"leave-1",500,0.5,1e+05,TRUE,2
9.99999999999999,0,0,0,0,0,0,0,0,0,0,0,"normal","un",1000,500,0.5,0,0,0,1,FALSE,0,TRUE,FALSE,101,"leave-1",500,0.5,1e+05,TRUE,2
9.99999999999999,0,0,0,0,0,19.8801329238969,0,0,0,19.8801329238969,0,"normal","un",1000,500,0.5,0,0,0,1,FALSE,0,TRUE,FALSE,101,"leave-1",500,0.5,1e+05,TRUE,2
9.99999999999999,0,0,0,0,0,0,0,0,0,0,0,"normal","un",1000,500,0.5,0,0,0,1,FALSE,0,TRUE,FALSE,101,"leave-1",500,0.5,1e+05,TRUE,2
9.99999999999999,0,0,0,0,0,0,0,0,0,0,0,"normal","un",1000,500,0.5,0,0,0,1,FALSE,0,TRUE,FALSE,101,"leave-1",500,0.5,1e+05,TRUE,2
9.99999999999999,0,0,0,0,0,0,0,0,0,0,0,"normal","un",1000,500,0.5,0,0,0,1,FALSE,0,TRUE,FALSE,101,"leave-1",500,0.5,1e+05,TRUE,2
9.99999999999999,0,0,0,0,0,19.8599438363575,0,0,0,19.8599438363575,0,"normal","un",1000,500,0.5,0,0,0,1,FALSE,0,TRUE,FALSE,101,"leave-1",500,0.5,1e+05,TRUE,2
9.99999999999999,0,0,0,0,0,19.8706352292075,0,0,0,19.8706352292075,0,"normal","un",1000,500,0.5,0,0,0,1,FALSE,0,TRUE,FALSE,101,"leave-1",500,0.5,1e+05,TRUE,2
9.99999999999999,0,0,0,0,0,19.8829301047622,0,0,0,19.8829301047622,0,"normal","un",1000,500,0.5,0,0,0,1,FALSE,0,TRUE,FALSE,101,"leave-1",500,0.5,1e+05,TRUE,2
9.99999999999999,0,0,0,0,0,0,0,0,0,0,0,"normal","un",1000,500,0.5,0,0,0,1,FALSE,0,TRUE,FALSE,101,"leave-1",500,0.5,1e+05,TRUE,2
9.99999999999999,0,0,0,0,0,19.8805112024724,0,0,0,19.8805112024724,0,"normal","un",1000,500,0.5,0,0,0,1,FALSE,0,TRUE,FALSE,101,"leave-1",500,0.5,1e+05,TRUE,2
9.99999999999999,0,0,0,0,0,0,0,0,0,0,0,"normal","un",1000,500,0.5,0,0,0,1,FALSE,0,TRUE,FALSE,101,"leave-1",500,0.5,1e+05,TRUE,2
9.99999999999999,0,0,0,0,0,0,0,0,0,0,0,"normal","un",1000,500,0.5,0,0,0,1,FALSE,0,TRUE,FALSE,101,"leave-1",500,0.5,1e+05,TRUE,2
9.99999999999999,0,0,0,0,0,NA,NA,0,0,NA,NA,"normal","un",1000,500,0.5,0,0,0,1,FALSE,0,TRUE,FALSE,101,"leave-1",500,0.5,1e+05,TRUE,2
9.99999999999999,0,0,0,0,0,0,0,0,0,0,0,"normal","un",1000,500,0.5,0,0,0,1,FALSE,0,TRUE,FALSE,101,"leave-1",500,0.5,1e+05,TRUE,2
9.99999999999999,0,0,0,0,0,19.8528026834008,0,0,0,19.8528026834008,0,"normal","un",1000,500,0.5,0,0,0,1,FALSE,0,TRUE,FALSE,101,"leave-1",500,0.5,1e+05,TRUE,2
9.99999999999999,0,0,0,0,0,0,0,0,0,0,0,"normal","un",1000,500,0.5,0,0,0,1,FALSE,0,TRUE,FALSE,101,"leave-1",500,0.5,1e+05,TRUE,2
9.99999999999999,0,0,0,0,0,19.8808143036948,0,0,0,19.8808143036948,0,"normal","un",1000,500,0.5,0,0,0,1,FALSE,0,TRUE,FALSE,101,"leave-1",500,0.5,1e+05,TRUE,2
9.99999999999999,0,0,0,0,0,0,0,0,0,0,0,"normal","un",1000,500,0.5,0,0,0,1,FALSE,0,TRUE,FALSE,101,"leave-1",500,0.5,1e+05,TRUE,2
9.99999999999999,0,0,0,0,0,0,0,0,0,0,0,"normal","un",1000,500,0.5,0,0,0,1,FALSE,0,TRUE,FALSE,101,"leave-1",500,0.5,1e+05,TRUE,2
9.99999999999999,0,0,0,0,0,0,0,0,0,0,0,"normal","un",1000,500,0.5,0,0,0,1,FALSE,0,TRUE,FALSE,101,"leave-1",500,0.5,1e+05,TRUE,2
9.99999999999999,0,0,0,0,0,19.8702409708309,0,0,0,19.8702409708309,0,"normal","un",1000,500,0.5,0,0,0,1,FALSE,0,TRUE,FALSE,101,"leave-1",500,0.5,1e+05,TRUE,2
9.99999999999999,0,0,0,0,0,0,0,0,0,0,0,"normal","un",1000,500,0.5,0,0,0,1,FALSE,0,TRUE,FALSE,101,"leave-1",500,0.5,1e+05,TRUE,2
9.99999999999999,0,0,0,0,0,NA,NA,0,0,NA,NA,"normal","un",1000,500,0.5,0,0,0,1,FALSE,0,TRUE,FALSE,101,"leave-1",500,0.5,1e+05,TRUE,2
9.99999999999999,0,0,0,0,0,0,0,0,0,0,0,"normal","un",1000,500,0.5,0,0,0,1,FALSE,0,TRUE,FALSE,101,"leave-1",500,0.5,1e+05,TRUE,2
9.99999999999999,0,0,0,0,0,0,0,0,0,0,0,"normal","un",1000,500,0.5,0,0,0,1,FALSE,0,TRUE,FALSE,101,"leave-1",500,0.5,1e+05,TRUE,2
9.99999999999999,0,0,0,0,0,0,0,0,0,0,0,"normal","un",1000,500,0.5,0,0,0,1,FALSE,0,TRUE,FALSE,101,"leave-1",500,0.5,1e+05,TRUE,2
9.99999999999999,0,0,0,0,0,19.8071247339701,0,0,0,19.8071247339701,0,"normal","un",1000,500,0.5,0,0,0,1,FALSE,0,TRUE,FALSE,101,"leave-1",500,0.5,1e+05,TRUE,2
9.99999999999999,0,0,0,0,0,19.8481818898131,0,0,0,19.8481818898131,0,"normal","un",1000,500,0.5,0,0,0,1,FALSE,0,TRUE,FALSE,101,"leave-1",500,0.5,1e+05,TRUE,2
9.99999999999999,0,0,0,0,0,19.7930667771851,0,0,0,19.7930667771851,0,"normal","un",1000,500,0.5,0,0,0,1,FALSE,0,TRUE,FALSE,101,"leave-1",500,0.5,1e+05,TRUE,2
9.99999999999999,0,0,0,0,0,0,0,0,0,0,0,"normal","un",1000,500,0.5,0,0,0,1,FALSE,0,TRUE,FALSE,101,"leave-1",500,0.5,1e+05,TRUE,2
9.99999999999999,0,0,0,0,0,0,0,0,0,0,0,"normal","un",1000,500,0.5,0,0,0,1,FALSE,0,TRUE,FALSE,101,"leave-1",500,0.5,1e+05,TRUE,2
9.99999999999999,0,0,0,0,0,19.8633195406571,0,0,0,19.8633195406571,0,"normal","un",1000,500,0.5,0,0,0,1,FALSE,0,TRUE,FALSE,101,"leave-1",500,0.5,1e+05,TRUE,2
9.99999999999999,0,0,0,0,0,19.8735062375008,0,0,0,19.8735062375008,0,"normal","un",1000,500,0.5,0,0,0,1,FALSE,0,TRUE,FALSE,101,"leave-1",500,0.5,1e+05,TRUE,2
9.99999999999999,0,0,0,0,0,0,0,0,0,0,0,"normal","un",1000,500,0.5,0,0,0,1,FALSE,0,TRUE,FALSE,101,"leave-1",500,0.5,1e+05,TRUE,2
9.99999999999999,0,0,0,0,0,19.8188855346525,0,0,0,19.8188855346525,0,"normal","un",1000,500,0.5,0,0,0,1,FALSE,0,TRUE,FALSE,101,"leave-1",500,0.5,1e+05,TRUE,2
9.99999999999999,0,0,0,0,0,19.7590957145001,0,0,0,19.7590957145001,0,"normal","un",1000,500,0.5,0,0,0,1,FALSE,0,TRUE,FALSE,101,"leave-1",500,0.5,1e+05,TRUE,2
9.99999999999999,0,0,0,0,0,0,0,0,0,0,0,"normal","un",1000,500,0.5,0,0,0,1,FALSE,0,TRUE,FALSE,101,"leave-1",500,0.5,1e+05,TRUE,2
9.99999999999999,0,0,0,0,0,0,0,0,0,0,0,"normal","un",1000,500,0.5,0,0,0,1,FALSE,0,TRUE,FALSE,101,"leave-1",500,0.5,1e+05,TRUE,2
9.99999999999999,0,0,0,0,0,0,0,0,0,0,0,"normal","un",1000,500,0.5,0,0,0,1,FALSE,0,TRUE,FALSE,101,"leave-1",500,0.5,1e+05,TRUE,2
9.99999999999999,0,0,0,0,0,0,0,0,0,0,0,"normal","un",1000,500,0.5,0,0,0,1,FALSE,0,TRUE,FALSE,101,"leave-1",500,0.5,1e+05,TRUE,2
9.99999999999999,0,0,0,0,0,19.829006644106,0,0,0,19.829006644106,0,"normal","un",1000,500,0.5,0,0,0,1,FALSE,0,TRUE,FALSE,101,"leave-1",500,0.5,1e+05,TRUE,2
9.99999999999999,0,0,0,0,0,19.8624971018475,0,0,0,19.8624971018475,0,"normal","un",1000,500,0.5,0,0,0,1,FALSE,0,TRUE,FALSE,101,"leave-1",500,0.5,1e+05,TRUE,2
9.99999999999999,0,0,0,0,0,0,0,0,0,0,0,"normal","un",1000,500,0.5,0,0,0,1,FALSE,0,TRUE,FALSE,101,"leave-1",500,0.5,1e+05,TRUE,2
9.99999999999999,0,0,0,0,0,19.5413324610611,0,0,0,19.5413324610611,0,"normal","un",1000,500,0.5,0,0,0,1,FALSE,0,TRUE,FALSE,101,"leave-1",500,0.5,1e+05,TRUE,2
9.99999999999999,0,0,0,0,0,19.866493969016,0,0,0,19.866493969016,0,"normal","un",1000,500,0.5,0,0,0,1,FALSE,0,TRUE,FALSE,101,"leave-1",500,0.5,1e+05,TRUE,2
9.99999999999999,0,0,0,0,0,19.8049261498804,0,0,0,19.8049261498804,0,"normal","un",1000,500,0.5,0,0,0,1,FALSE,0,TRUE,FALSE,101,"leave-1",500,0.5,1e+05,TRUE,2
9.99999999999999,0,0,0,0,0,0,0,0,0,0,0,"normal","un",1000,500,0.5,0,0,0,1,FALSE,0,TRUE,FALSE,101,"leave-1",500,0.5,1e+05,TRUE,2
9.99999999999999,0,0,0,0,0,19.8617172122769,0,0,0,19.8617172122769,0,"normal","un",1000,500,0.5,0,0,0,1,FALSE,0,TRUE,FALSE,101,"leave-1",500,0.5,1e+05,TRUE,2
9.99999999999999,0,0,0,0,0,0,0,0,0,0,0,"normal","un",1000,500,0.5,0,0,0,1,FALSE,0,TRUE,FALSE,101,"leave-1",500,0.5,1e+05,TRUE,2
9.99999999999999,0,0,0,0,0,19.883489755732,0,0,0,19.883489755732,0,"normal","un",1000,500,0.5,0,0,0,1,FALSE,0,TRUE,FALSE,101,"leave-1",500,0.5,1e+05,TRUE,2
9.99999999999999,0,0,0,0,0,19.8816939258204,0,0,0,19.8816939258204,0,"normal","un",1000,500,0.5,0,0,0,1,FALSE,0,TRUE,FALSE,101,"leave-1",500,0.5,1e+05,TRUE,2
9.99999999999999,0,0,0,0,0,0,0,0,0,0,0,"normal","un",1000,500,0.5,0,0,0,1,FALSE,0,TRUE,FALSE,101,"leave-1",500,0.5,1e+05,TRUE,2
9.99999999999999,0,0,0,0,0,19.8791248317493,0,0,0,19.8791248317493,0,"normal","un",1000,500,0.5,0,0,0,1,FALSE,0,TRUE,FALSE,101,"leave-1",500,0.5,1e+05,TRUE,2
9.99999999999999,0,0,0,0,0,19.844454585961,0,0,0,19.844454585961,0,"normal","un",1000,500,0.5,0,0,0,1,FALSE,0,TRUE,FALSE,101,"leave-1",500,0.5,1e+05,TRUE,2
9.99999999999999,0,0,0,0,0,0,0,0,0,0,0,"normal","un",1000,500,0.5,0,0,0,1,FALSE,0,TRUE,FALSE,101,"leave-1",500,0.5,1e+05,TRUE,2
9.99999999999999,0,0,0,0,0,0,0,0,0,0,0,"normal","un",1000,500,0.5,0,0,0,1,FALSE,0,TRUE,FALSE,101,"leave-1",500,0.5,1e+05,TRUE,2
9.99999999999999,0,0,0,0,0,19.8221370605585,0,0,0,19.8221370605585,0,"normal","un",1000,500,0.5,0,0,0,1,FALSE,0,TRUE,FALSE,101,"leave-1",500,0.5,1e+05,TRUE,2
9.99999999999999,0,0,0,0,0,0,0,0,0,0,0,"normal","un",1000,500,0.5,0,0,0,1,FALSE,0,TRUE,FALSE,101,"leave-1",500,0.5,1e+05,TRUE,2
9.99999999999999,0,0,0,0,0,0,0,0,0,0,0,"normal","un",1000,500,0.5,0,0,0,1,FALSE,0,TRUE,FALSE,101,"leave-1",500,0.5,1e+05,TRUE,2
9.99999999999999,0,0,0,0,0,19.8073093652729,0,0,0,19.8073093652729,0,"normal","un",1000,500,0.5,0,0,0,1,FALSE,0,TRUE,FALSE,101,"leave-1",500,0.5,1e+05,TRUE,2
9.99999999999999,0,0,0,0,0,19.8327481247155,0,0,0,19.8327481247155,0,"normal","un",1000,500,0.5,0,0,0,1,FALSE,0,TRUE,FALSE,101,"leave-1",500,0.5,1e+05,TRUE,2
9.99999999999999,0,0,0,0,0,19.8467132013279,0,0,0,19.8467132013279,0,"normal","un",1000,500,0.5,0,0,0,1,FALSE,0,TRUE,FALSE,101,"leave-1",500,0.5,1e+05,TRUE,2
9.99999999999999,0,0,0,0,0,19.8686602212775,0,0,0,19.8686602212775,0,"normal","un",1000,500,0.5,0,0,0,1,FALSE,0,TRUE,FALSE,101,"leave-1",500,0.5,1e+05,TRUE,2
9.99999999999999,0,0,0,0,0,19.8563419986959,0,0,0,19.8563419986959,0,"normal","un",1000,500,0.5,0,0,0,1,FALSE,0,TRUE,FALSE,101,"leave-1",500,0.5,1e+05,TRUE,2
9.99999999999999,0,0,0,0,0,19.8833402105699,0,0,0,19.8833402105699,0,"normal","un",1000,500,0.5,0,0,0,1,FALSE,0,TRUE,FALSE,101,"leave-1",500,0.5,1e+05,TRUE,2
9.99999999999999,0,0,0,0,0,19.8759732598118,0,0,0,19.8759732598118,0,"normal","un",1000,500,0.5,0,0,0,1,FALSE,0,TRUE,FALSE,101,"leave-1",500,0.5,1e+05,TRUE,2
9.99999999999999,0,0,0,0,0,NA,NA,0,0,NA,NA,"normal","un",1000,500,0.5,0,0,0,1,FALSE,0,TRUE,FALSE,101,"leave-1",500,0.5,1e+05,TRUE,2
9.99999999999999,0,0,0,0,0,0,0,0,0,0,0,"normal","un",1000,500,0.5,0,0,0,1,FALSE,0,TRUE,FALSE,101,"leave-1",500,0.5,1e+05,TRUE,2
9.99999999999999,0,0,0,0,0,0,0,0,0,0,0,"normal","un",1000,500,0.5,0,0,0,1,FALSE,0,TRUE,FALSE,101,"leave-1",500,0.5,1e+05,TRUE,2
9.99999999999999,0,0,0,0,0,19.8579962618082,0,0,0,19.8579962618082,0,"normal","un",1000,500,0.5,0,0,0,1,FALSE,0,TRUE,FALSE,101,"leave-1",500,0.5,1e+05,TRUE,2
9.99999999999999,0,0,0,0,0,0,0,0,0,0,0,"normal","un",1000,500,0.5,0,0,0,1,FALSE,0,TRUE,FALSE,101,"leave-1",500,0.5,1e+05,TRUE,2
9.99999999999999,0,0,0,0,0,0,0,0,0,0,0,"normal","un",1000,500,0.5,0,0,0,1,FALSE,0,TRUE,FALSE,101,"leave-1",500,0.5,1e+05,TRUE,2
9.99999999999999,0,0,0,0,0,0,0,0,0,0,0,"normal","un",1000,500,0.5,0,0,0,1,FALSE,0,TRUE,FALSE,101,"leave-1",500,0.5,1e+05,TRUE,2
9.99999999999999,0,0,0,0,0,0,0,0,0,0,0,"normal","un",1000,500,0.5,0,0,0,1,FALSE,0,TRUE,FALSE,101,"leave-1",500,0.5,1e+05,TRUE,2
9.99999999999999,0,0,0,0,0,0,0,0,0,0,0,"normal","un",1000,500,0.5,0,0,0,1,FALSE,0,TRUE,FALSE,101,"leave-1",500,0.5,1e+05,TRUE,2
9.99999999999999,0,0,0,0,0,0,0,0,0,0,0,"normal","un",1000,500,0.5,0,0,0,1,FALSE,0,TRUE,FALSE,101,"leave-1",500,0.5,1e+05,TRUE,2
9.99999999999999,0,0,0,0,0,0,0,0,0,0,0,"normal","un",1000,500,0.5,0,0,0,1,FALSE,0,TRUE,FALSE,101,"leave-1",500,0.5,1e+05,TRUE,2
9.99999999999999,0,0,0,0,0,19.8642190143254,0,0,0,19.8642190143254,0,"normal","un",1000,500,0.5,0,0,0,1,FALSE,0,TRUE,FALSE,101,"leave-1",500,0.5,1e+05,TRUE,2
9.99999999999999,0,0,0,0,0,19.8525153426748,0,0,0,19.8525153426748,0,"normal","un",1000,500,0.5,0,0,0,1,FALSE,0,TRUE,FALSE,101,"leave-1",500,0.5,1e+05,TRUE,2
9.99999999999999,0,0,0,0,0,0,0,0,0,0,0,"normal","un",1000,500,0.5,0,0,0,1,FALSE,0,TRUE,FALSE,101,"leave-1",500,0.5,1e+05,TRUE,2
9.99999999999999,0,0,0,0,0,0,0,0,0,0,0,"normal","un",1000,500,0.5,0,0,0,1,FALSE,0,TRUE,FALSE,101,"leave-1",500,0.5,1e+05,TRUE,2
9.99999999999999,0,0,0,0,0,0,0,0,0,0,0,"normal","un",1000,500,0.5,0,0,0,1,FALSE,0,TRUE,FALSE,101,"leave-1",500,0.5,1e+05,TRUE,2
9.99999999999999,0,0,0,0,0,0,0,0,0,0,0,"normal","un",1000,500,0.5,0,0,0,1,FALSE,0,TRUE,FALSE,101,"leave-1",500,0.5,1e+05,TRUE,2
9.99999999999999,0,0,0,0,0,0,0,0,0,0,0,"normal","un",1000,500,0.5,0,0,0,1,FALSE,0,TRUE,FALSE,101,"leave-1",500,0.5,1e+05,TRUE,2
9.99999999999999,0,0,0,0,0,0,0,0,0,0,0,"normal","un",1000,500,0.5,0,0,0,1,FALSE,0,TRUE,FALSE,101,"leave-1",500,0.5,1e+05,TRUE,2
9.99999999999999,0,0,0,0,0,0,0,0,0,0,0,"normal","un",1000,500,0.5,0,0,0,1,FALSE,0,TRUE,FALSE,101,"leave-1",500,0.5,1e+05,TRUE,2
9.99999999999999,0,0,0,0,0,19.877766037159,0,0,0,19.877766037159,0,"normal","un",1000,500,0.5,0,0,0,1,FALSE,0,TRUE,FALSE,101,"leave-1",500,0.5,1e+05,TRUE,2
9.99999999999999,0,0,0,0,0,19.7913313268726,0,0,0,19.7913313268726,0,"normal","un",1000,500,0.5,0,0,0,1,FALSE,0,TRUE,FALSE,101,"leave-1",500,0.5,1e+05,TRUE,2
9.99999999999999,0,0,0,0,0,19.6159742967974,0,0,0,19.6159742967974,0,"normal","un",1000,500,0.5,0,0,0,1,FALSE,0,TRUE,FALSE,101,"leave-1",500,0.5,1e+05,TRUE,2
9.99999999999999,0,0,0,0,0,0,0,0,0,0,0,"normal","un",1000,500,0.5,0,0,0,1,FALSE,0,TRUE,FALSE,101,"leave-1",500,0.5,1e+05,TRUE,2
9.99999999999999,0,0,0,0,0,19.8612424734633,0,0,0,19.8612424734633,0,"normal","un",1000,500,0.5,0,0,0,1,FALSE,0,TRUE,FALSE,101,"leave-1",500,0.5,1e+05,TRUE,2
9.99999999999999,0,0,0,0,0,19.791819287894,0,0,0,19.791819287894,0,"normal","un",1000,500,0.5,0,0,0,1,FALSE,0,TRUE,FALSE,101,"leave-1",500,0.5,1e+05,TRUE,2
9.99999999999999,0,0,0,0,0,0,0,0,0,0,0,"normal","un",1000,500,0.5,0,0,0,1,FALSE,0,TRUE,FALSE,101,"leave-1",500,0.5,1e+05,TRUE,2
9.99999999999999,0,0,0,0,0,0,0,0,0,0,0,"normal","un",1000,500,0.5,0,0,0,1,FALSE,0,TRUE,FALSE,101,"leave-1",500,0.5,1e+05,TRUE,2
9.99999999999999,0,0,0,0,0,19.8835899002845,0,0,0,19.8835899002845,0,"normal","un",1000,500,0.5,0,0,0,1,FALSE,0,TRUE,FALSE,101,"leave-1",500,0.5,1e+05,TRUE,2
9.99999999999999,0,0,0,0,0,0,0,0,0,0,0,"normal","un",1000,500,0.5,0,0,0,1,FALSE,0,TRUE,FALSE,101,"leave-1",500,0.5,1e+05,TRUE,2
9.99999999999999,0,0,0,0,0,19.7776745066403,0,0,0,19.7776745066403,0,"normal","un",1000,500,0.5,0,0,0,1,FALSE,0,TRUE,FALSE,101,"leave-1",500,0.5,1e+05,TRUE,2
9.99999999999999,0,0,0,0,0,0,0,0,0,0,0,"normal","un",1000,500,0.5,0,0,0,1,FALSE,0,TRUE,FALSE,101,"leave-1",500,0.5,1e+05,TRUE,2
9.99999999999999,0,0,0,0,0,0,0,0,0,0,0,"normal","un",1000,500,0.5,0,0,0,1,FALSE,0,TRUE,FALSE,101,"leave-1",500,0.5,1e+05,TRUE,2
9.99999999999999,0,0,0,0,0,19.8549643215863,0,0,0,19.8549643215863,0,"normal","un",1000,500,0.5,0,0,0,1,FALSE,0,TRUE,FALSE,101,"leave-1",500,0.5,1e+05,TRUE,2
9.99999999999999,0,0,0,0,0,19.7342829324429,0,0,0,19.7342829324429,0,"normal","un",1000,500,0.5,0,0,0,1,FALSE,0,TRUE,FALSE,101,"leave-1",500,0.5,1e+05,TRUE,2
9.99999999999999,0,0,0,0,0,0,0,0,0,0,0,"normal","un",1000,500,0.5,0,0,0,1,FALSE,0,TRUE,FALSE,101,"leave-1",500,0.5,1e+05,TRUE,2
9.99999999999999,0,0,0,0,0,19.8778168480213,0,0,0,19.8778168480213,0,"normal","un",1000,500,0.5,0,0,0,1,FALSE,0,TRUE,FALSE,101,"leave-1",500,0.5,1e+05,TRUE,2
9.99999999999999,0,0,0,0,0,0,0,0,0,0,0,"normal","un",1000,500,0.5,0,0,0,1,FALSE,0,TRUE,FALSE,101,"leave-1",500,0.5,1e+05,TRUE,2
9.99999999999999,0,0,0,0,0,0,0,0,0,0,0,"normal","un",1000,500,0.5,0,0,0,1,FALSE,0,TRUE,FALSE,101,"leave-1",500,0.5,1e+05,TRUE,2
9.99999999999999,0,0,0,0,0,19.8092551968064,0,0,0,19.8092551968064,0,"normal","un",1000,500,0.5,0,0,0,1,FALSE,0,TRUE,FALSE,101,"leave-1",500,0.5,1e+05,TRUE,2
9.99999999999999,0,0,0,0,0,19.7802725209891,0,0,0,19.7802725209891,0,"normal","un",1000,500,0.5,0,0,0,1,FALSE,0,TRUE,FALSE,101,"leave-1",500,0.5,1e+05,TRUE,2
9.99999999999999,0,0,0,0,0,19.7367553371831,0,0,0,19.7367553371831,0,"normal","un",1000,500,0.5,0,0,0,1,FALSE,0,TRUE,FALSE,101,"leave-1",500,0.5,1e+05,TRUE,2
9.99999999999999,0,0,0,0,0,0,0,0,0,0,0,"normal","un",1000,500,0.5,0,0,0,1,FALSE,0,TRUE,FALSE,101,"leave-1",500,0.5,1e+05,TRUE,2
9.99999999999999,0,0,0,0,0,19.845655762874,0,0,0,19.845655762874,0,"normal","un",1000,500,0.5,0,0,0,1,FALSE,0,TRUE,FALSE,101,"leave-1",500,0.5,1e+05,TRUE,2
9.99999999999999,0,0,0,0,0,19.7247978070799,0,0,0,19.7247978070799,0,"normal","un",1000,500,0.5,0,0,0,1,FALSE,0,TRUE,FALSE,101,"leave-1",500,0.5,1e+05,TRUE,2
9.99999999999999,0,0,0,0,0,19.8445036969706,0,0,0,19.8445036969706,0,"normal","un",1000,500,0.5,0,0,0,1,FALSE,0,TRUE,FALSE,101,"leave-1",500,0.5,1e+05,TRUE,2
9.99999999999999,0,0,0,0,0,19.8734789047796,0,0,0,19.8734789047796,0,"normal","un",1000,500,0.5,0,0,0,1,FALSE,0,TRUE,FALSE,101,"leave-1",500,0.5,1e+05,TRUE,2
9.99999999999999,0,0,0,0,0,0,0,0,0,0,0,"normal","un",1000,500,0.5,0,0,0,1,FALSE,0,TRUE,FALSE,101,"leave-1",500,0.5,1e+05,TRUE,2
9.99999999999999,0,0,0,0,0,19.8726743703826,0,0,0,19.8726743703826,0,"normal","un",1000,500,0.5,0,0,0,1,FALSE,0,TRUE,FALSE,101,"leave-1",500,0.5,1e+05,TRUE,2
9.99999999999999,0,0,0,0,0,19.6785929456696,0,0,0,19.6785929456696,0,"normal","un",1000,500,0.5,0,0,0,1,FALSE,0,TRUE,FALSE,101,"leave-1",500,0.5,1e+05,TRUE,2
9.99999999999999,0,0,0,0,0,19.8834393461915,0,0,0,19.8834393461915,0,"normal","un",1000,500,0.5,0,0,0,1,FALSE,0,TRUE,FALSE,101,"leave-1",500,0.5,1e+05,TRUE,2
9.99999999999999,0,0,0,0,0,0,0,0,0,0,0,"normal","un",1000,500,0.5,0,0,0,1,FALSE,0,TRUE,FALSE,101,"leave-1",500,0.5,1e+05,TRUE,2
9.99999999999999,0,0,0,0,0,19.6753363229313,0,0,0,19.6753363229313,0,"normal","un",1000,500,0.5,0,0,0,1,FALSE,0,TRUE,FALSE,101,"leave-1",500,0.5,1e+05,TRUE,2
9.99999999999999,0,0,0,0,0,0,0,0,0,0,0,"normal","un",1000,500,0.5,0,0,0,1,FALSE,0,TRUE,FALSE,101,"leave-1",500,0.5,1e+05,TRUE,2
9.99999999999999,0,0,0,0,0,19.8631019736628,0,0,0,19.8631019736628,0,"normal","un",1000,500,0.5,0,0,0,1,FALSE,0,TRUE,FALSE,101,"leave-1",500,0.5,1e+05,TRUE,2
9.99999999999999,0,0,0,0,0,19.7980537333146,0,0,0,19.7980537333146,0,"normal","un",1000,500,0.5,0,0,0,1,FALSE,0,TRUE,FALSE,101,"leave-1",500,0.5,1e+05,TRUE,2
9.99999999999999,0,0,0,0,0,0,0,0,0,0,0,"normal","un",1000,500,0.5,0,0,0,1,FALSE,0,TRUE,FALSE,101,"leave-1",500,0.5,1e+05,TRUE,2
9.99999999999999,0,0,0,0,0,19.7387725408257,0,0,0,19.7387725408257,0,"normal","un",1000,500,0.5,0,0,0,1,FALSE,0,TRUE,FALSE,101,"leave-1",500,0.5,1e+05,TRUE,2
9.99999999999999,0,0,0,0,0,0,0,0,0,0,0,"normal","un",1000,500,0.5,0,0,0,1,FALSE,0,TRUE,FALSE,101,"leave-1",500,0.5,1e+05,TRUE,2
9.99999999999999,0,0,0,0,0,0,0,0,0,0,0,"normal","un",1000,500,0.5,0,0,0,1,FALSE,0,TRUE,FALSE,101,"leave-1",500,0.5,1e+05,TRUE,2
9.99999999999999,0,0,0,0,0,0,0,0,0,0,0,"normal","un",1000,500,0.5,0,0,0,1,FALSE,0,TRUE,FALSE,101,"leave-1",500,0.5,1e+05,TRUE,2
9.99999999999999,0,0,0,0,0,19.8658068570404,0,0,0,19.8658068570404,0,"normal","un",1000,500,0.5,0,0,0,1,FALSE,0,TRUE,FALSE,101,"leave-1",500,0.5,1e+05,TRUE,2
9.99999999999999,0,0,0,0,0,0,0,0,0,0,0,"normal","un",1000,500,0.5,0,0,0,1,FALSE,0,TRUE,FALSE,101,"leave-1",500,0.5,1e+05,TRUE,2
9.99999999999999,0,0,0,0,0,19.883523874019,0,0,0,19.883523874019,0,"normal","un",1000,500,0.5,0,0,0,1,FALSE,0,TRUE,FALSE,101,"leave-1",500,0.5,1e+05,TRUE,2
9.99999999999999,0,0,0,0,0,0,0,0,0,0,0,"normal","un",1000,500,0.5,0,0,0,1,FALSE,0,TRUE,FALSE,101,"leave-1",500,0.5,1e+05,TRUE,2
9.99999999999999,0,0,0,0,0,0,0,0,0,0,0,"normal","un",1000,500,0.5,0,0,0,1,FALSE,0,TRUE,FALSE,101,"leave-1",500,0.5,1e+05,TRUE,2
9.99999999999999,0,0,0,0,0,19.8756675119233,0,0,0,19.8756675119233,0,"normal","un",1000,500,0.5,0,0,0,1,FALSE,0,TRUE,FALSE,101,"leave-1",500,0.5,1e+05,TRUE,2
9.99999999999999,0,0,0,0,0,0,0,0,0,0,0,"normal","un",1000,500,0.5,0,0,0,1,FALSE,0,TRUE,FALSE,101,"leave-1",500,0.5,1e+05,TRUE,2
9.99999999999999,0,0,0,0,0,0,0,0,0,0,0,"normal","un",1000,500,0.5,0,0,0,1,FALSE,0,TRUE,FALSE,101,"leave-1",500,0.5,1e+05,TRUE,2
9.99999999999999,0,0,0,0,0,19.877308363298,0,0,0,19.877308363298,0,"normal","un",1000,500,0.5,0,0,0,1,FALSE,0,TRUE,FALSE,101,"leave-1",500,0.5,1e+05,TRUE,2
9.99999999999999,0,0,0,0,0,0,0,0,0,0,0,"normal","un",1000,500,0.5,0,0,0,1,FALSE,0,TRUE,FALSE,101,"leave-1",500,0.5,1e+05,TRUE,2
9.99999999999999,0,0,0,0,0,0,0,0,0,0,0,"normal","un",1000,500,0.5,0,0,0,1,FALSE,0,TRUE,FALSE,101,"leave-1",500,0.5,1e+05,TRUE,2
9.99999999999999,0,0,0,0,0,19.8584145070451,0,0,0,19.8584145070451,0,"normal","un",1000,500,0.5,0,0,0,1,FALSE,0,TRUE,FALSE,101,"leave-1",500,0.5,1e+05,TRUE,2
9.99999999999999,0,0,0,0,0,19.8774966818744,0,0,0,19.8774966818744,0,"normal","un",1000,500,0.5,0,0,0,1,FALSE,0,TRUE,FALSE,101,"leave-1",500,0.5,1e+05,TRUE,2
9.99999999999999,0,0,0,0,0,0,0,0,0,0,0,"normal","un",1000,500,0.5,0,0,0,1,FALSE,0,TRUE,FALSE,101,"leave-1",500,0.5,1e+05,TRUE,2
9.99999999999999,0,0,0,0,0,0,0,0,0,0,0,"normal","un",1000,500,0.5,0,0,0,1,FALSE,0,TRUE,FALSE,101,"leave-1",500,0.5,1e+05,TRUE,2
9.99999999999999,0,0,0,0,0,0,0,0,0,0,0,"normal","un",1000,500,0.5,0,0,0,1,FALSE,0,TRUE,FALSE,101,"leave-1",500,0.5,1e+05,TRUE,2
9.99999999999999,0,0,0,0,0,0,0,0,0,0,0,"normal","un",1000,500,0.5,0,0,0,1,FALSE,0,TRUE,FALSE,101,"leave-1",500,0.5,1e+05,TRUE,2
9.99999999999999,0,0,0,0,0,19.7528581050055,0,0,0,19.7528581050055,0,"normal","un",1000,500,0.5,0,0,0,1,FALSE,0,TRUE,FALSE,101,"leave-1",500,0.5,1e+05,TRUE,2
9.99999999999999,0,0,0,0,0,0,0,0,0,0,0,"normal","un",1000,500,0.5,0,0,0,1,FALSE,0,TRUE,FALSE,101,"leave-1",500,0.5,1e+05,TRUE,2
9.99999999999999,0,0,0,0,0,0,0,0,0,0,0,"normal","un",1000,500,0.5,0,0,0,1,FALSE,0,TRUE,FALSE,101,"leave-1",500,0.5,1e+05,TRUE,2
9.99999999999999,0,0,0,0,0,19.8469907928968,0,0,0,19.8469907928968,0,"normal","un",1000,500,0.5,0,0,0,1,FALSE,0,TRUE,FALSE,101,"leave-1",500,0.5,1e+05,TRUE,2
9.99999999999999,0,0,0,0,0,19.8569906002417,0,0,0,19.8569906002417,0,"normal","un",1000,500,0.5,0,0,0,1,FALSE,0,TRUE,FALSE,101,"leave-1",500,0.5,1e+05,TRUE,2
9.99999999999999,0,0,0,0,0,0,0,0,0,0,0,"normal","un",1000,500,0.5,0,0,0,1,FALSE,0,TRUE,FALSE,101,"leave-1",500,0.5,1e+05,TRUE,2
9.99999999999999,0,0,0,0,0,0,0,0,0,0,0,"normal","un",1000,500,0.5,0,0,0,1,FALSE,0,TRUE,FALSE,101,"leave-1",500,0.5,1e+05,TRUE,2
9.99999999999999,0,0,0,0,0,NA,NA,0,0,NA,NA,"normal","un",1000,500,0.5,0,0,0,1,FALSE,0,TRUE,FALSE,101,"leave-1",500,0.5,1e+05,TRUE,2
9.99999999999999,0,0,0,0,0,0,0,0,0,0,0,"normal","un",1000,500,0.5,0,0,0,1,FALSE,0,TRUE,FALSE,101,"leave-1",500,0.5,1e+05,TRUE,2
9.99999999999999,0,0,0,0,0,19.8679748786783,0,0,0,19.8679748786783,0,"normal","un",1000,500,0.5,0,0,0,1,FALSE,0,TRUE,FALSE,101,"leave-1",500,0.5,1e+05,TRUE,2
9.99999999999999,0,0,0,0,0,19.8404822874572,0,0,0,19.8404822874572,0,"normal","un",1000,500,0.5,0,0,0,1,FALSE,0,TRUE,FALSE,101,"leave-1",500,0.5,1e+05,TRUE,2
9.99999999999999,0,0,0,0,0,19.7713892955341,0,0,0,19.7713892955341,0,"normal","un",1000,500,0.5,0,0,0,1,FALSE,0,TRUE,FALSE,101,"leave-1",500,0.5,1e+05,TRUE,2
9.99999999999999,0,0,0,0,0,0,0,0,0,0,0,"normal","un",1000,500,0.5,0,0,0,1,FALSE,0,TRUE,FALSE,101,"leave-1",500,0.5,1e+05,TRUE,2
9.99999999999999,0,0,0,0,0,0,0,0,0,0,0,"normal","un",1000,500,0.5,0,0,0,1,FALSE,0,TRUE,FALSE,101,"leave-1",500,0.5,1e+05,TRUE,2
9.99999999999999,0,0,0,0,0,19.883612348932,0,0,0,19.883612348932,0,"normal","un",1000,500,0.5,0,0,0,1,FALSE,0,TRUE,FALSE,101,"leave-1",500,0.5,1e+05,TRUE,2
9.99999999999999,0,0,0,0,0,19.8811777580873,0,0,0,19.8811777580873,0,"normal","un",1000,500,0.5,0,0,0,1,FALSE,0,TRUE,FALSE,101,"leave-1",500,0.5,1e+05,TRUE,2
9.99999999999999,0,0,0,0,0,19.7905742995342,0,0,0,19.7905742995342,0,"normal","un",1000,500,0.5,0,0,0,1,FALSE,0,TRUE,FALSE,101,"leave-1",500,0.5,1e+05,TRUE,2
9.99999999999999,0,0,0,0,0,19.8836285448617,0,0,0,19.8836285448617,0,"normal","un",1000,500,0.5,0,0,0,1,FALSE,0,TRUE,FALSE,101,"leave-1",500,0.5,1e+05,TRUE,2
9.99999999999999,0,0,0,0,0,19.8743501267805,0,0,0,19.8743501267805,0,"normal","un",1000,500,0.5,0,0,0,1,FALSE,0,TRUE,FALSE,101,"leave-1",500,0.5,1e+05,TRUE,2
9.99999999999999,0,0,0,0,0,19.8626352947214,0,0,0,19.8626352947214,0,"normal","un",1000,500,0.5,0,0,0,1,FALSE,0,TRUE,FALSE,101,"leave-1",500,0.5,1e+05,TRUE,2
9.99999999999999,0,0,0,0,0,0,0,0,0,0,0,"normal","un",1000,500,0.5,0,0,0,1,FALSE,0,TRUE,FALSE,101,"leave-1",500,0.5,1e+05,TRUE,2
9.99999999999999,0,0,0,0,0,19.8809326818381,0,0,0,19.8809326818381,0,"normal","un",1000,500,0.5,0,0,0,1,FALSE,0,TRUE,FALSE,101,"leave-1",500,0.5,1e+05,TRUE,2
9.99999999999999,0,0,0,0,0,0,0,0,0,0,0,"normal","un",1000,500,0.5,0,0,0,1,FALSE,0,TRUE,FALSE,101,"leave-1",500,0.5,1e+05,TRUE,2
9.99999999999999,0,0,0,0,0,19.8828962780795,0,0,0,19.8828962780795,0,"normal","un",1000,500,0.5,0,0,0,1,FALSE,0,TRUE,FALSE,101,"leave-1",500,0.5,1e+05,TRUE,2
9.99999999999999,0,0,0,0,0,19.8827529384412,0,0,0,19.8827529384412,0,"normal","un",1000,500,0.5,0,0,0,1,FALSE,0,TRUE,FALSE,101,"leave-1",500,0.5,1e+05,TRUE,2
9.99999999999999,0,0,0,0,0,19.8816488710358,0,0,0,19.8816488710358,0,"normal","un",1000,500,0.5,0,0,0,1,FALSE,0,TRUE,FALSE,101,"leave-1",500,0.5,1e+05,TRUE,2
9.99999999999999,0,0,0,0,0,19.8780329843596,0,0,0,19.8780329843596,0,"normal","un",1000,500,0.5,0,0,0,1,FALSE,0,TRUE,FALSE,101,"leave-1",500,0.5,1e+05,TRUE,2
9.99999999999999,0,0,0,0,0,0,0,0,0,0,0,"normal","un",1000,500,0.5,0,0,0,1,FALSE,0,TRUE,FALSE,101,"leave-1",500,0.5,1e+05,TRUE,2
9.99999999999999,0,0,0,0,0,0,0,0,0,0,0,"normal","un",1000,500,0.5,0,0,0,1,FALSE,0,TRUE,FALSE,101,"leave-1",500,0.5,1e+05,TRUE,2
9.99999999999999,0,0,0,0,0,19.6464600445918,0,0,0,19.6464600445918,0,"normal","un",1000,500,0.5,0,0,0,1,FALSE,0,TRUE,FALSE,101,"leave-1",500,0.5,1e+05,TRUE,2
9.99999999999999,0,0,0,0,0,19.8804880809185,0,0,0,19.8804880809185,0,"normal","un",1000,500,0.5,0,0,0,1,FALSE,0,TRUE,FALSE,101,"leave-1",500,0.5,1e+05,TRUE,2
9.99999999999999,0,0,0,0,0,19.8594479416395,0,0,0,19.8594479416395,0,"normal","un",1000,500,0.5,0,0,0,1,FALSE,0,TRUE,FALSE,101,"leave-1",500,0.5,1e+05,TRUE,2
9.99999999999999,0,0,0,0,0,19.834017163818,0,0,0,19.834017163818,0,"normal","un",1000,500,0.5,0,0,0,1,FALSE,0,TRUE,FALSE,101,"leave-1",500,0.5,1e+05,TRUE,2
9.99999999999999,0,0,0,0,0,19.8660318036773,0,0,0,19.8660318036773,0,"normal","un",1000,500,0.5,0,0,0,1,FALSE,0,TRUE,FALSE,101,"leave-1",500,0.5,1e+05,TRUE,2
9.99999999999999,0,0,0,0,0,19.8832720036151,0,0,0,19.8832720036151,0,"normal","un",1000,500,0.5,0,0,0,1,FALSE,0,TRUE,FALSE,101,"leave-1",500,0.5,1e+05,TRUE,2
9.99999999999999,0,0,0,0,0,0,0,0,0,0,0,"normal","un",1000,500,0.5,0,0,0,1,FALSE,0,TRUE,FALSE,101,"leave-1",500,0.5,1e+05,TRUE,2
9.99999999999999,0,0,0,0,0,0,0,0,0,0,0,"normal","un",1000,500,0.5,0,0,0,1,FALSE,0,TRUE,FALSE,101,"leave-1",500,0.5,1e+05,TRUE,2
9.99999999999999,0,0,0,0,0,19.8576717657839,0,0,0,19.8576717657839,0,"normal","un",1000,500,0.5,0,0,0,1,FALSE,0,TRUE,FALSE,101,"leave-1",500,0.5,1e+05,TRUE,2
9.99999999999999,0,0,0,0,0,19.8814155431663,0,0,0,19.8814155431663,0,"normal","un",1000,500,0.5,0,0,0,1,FALSE,0,TRUE,FALSE,101,"leave-1",500,0.5,1e+05,TRUE,2
9.99999999999999,0,0,0,0,0,0,0,0,0,0,0,"normal","un",1000,500,0.5,0,0,0,1,FALSE,0,TRUE,FALSE,101,"leave-1",500,0.5,1e+05,TRUE,2
9.99999999999999,0,0,0,0,0,19.804378605137,0,0,0,19.804378605137,0,"normal","un",1000,500,0.5,0,0,0,1,FALSE,0,TRUE,FALSE,101,"leave-1",500,0.5,1e+05,TRUE,2
9.99999999999999,0,0,0,0,0,0,0,0,0,0,0,"normal","un",1000,500,0.5,0,0,0,1,FALSE,0,TRUE,FALSE,101,"leave-1",500,0.5,1e+05,TRUE,2
9.99999999999999,0,0,0,0,0,0,0,0,0,0,0,"normal","un",1000,500,0.5,0,0,0,1,FALSE,0,TRUE,FALSE,101,"leave-1",500,0.5,1e+05,TRUE,2
9.99999999999999,0,0,0,0,0,19.8491664144534,0,0,0,19.8491664144534,0,"normal","un",1000,500,0.5,0,0,0,1,FALSE,0,TRUE,FALSE,101,"leave-1",500,0.5,1e+05,TRUE,2
9.99999999999999,0,0,0,0,0,0,0,0,0,0,0,"normal","un",1000,500,0.5,0,0,0,1,FALSE,0,TRUE,FALSE,101,"leave-1",500,0.5,1e+05,TRUE,2
9.99999999999999,0,0,0,0,0,0,0,0,0,0,0,"normal","un",1000,500,0.5,0,0,0,1,FALSE,0,TRUE,FALSE,101,"leave-1",500,0.5,1e+05,TRUE,2
9.99999999999999,0,0,0,0,0,19.871613942622,0,0,0,19.871613942622,0,"normal","un",1000,500,0.5,0,0,0,1,FALSE,0,TRUE,FALSE,101,"leave-1",500,0.5,1e+05,TRUE,2
9.99999999999999,0,0,0,0,0,19.8681102033895,0,0,0,19.8681102033895,0,"normal","un",1000,500,0.5,0,0,0,1,FALSE,0,TRUE,FALSE,101,"leave-1",500,0.5,1e+05,TRUE,2
9.99999999999999,0,0,0,0,0,19.8830090571358,0,0,0,19.8830090571358,0,"normal","un",1000,500,0.5,0,0,0,1,FALSE,0,TRUE,FALSE,101,"leave-1",500,0.5,1e+05,TRUE,2
9.99999999999999,0,0,0,0,0,0,0,0,0,0,0,"normal","un",1000,500,0.5,0,0,0,1,FALSE,0,TRUE,FALSE,101,"leave-1",500,0.5,1e+05,TRUE,2
9.99999999999999,0,0,0,0,0,19.8825994737296,0,0,0,19.8825994737296,0,"normal","un",1000,500,0.5,0,0,0,1,FALSE,0,TRUE,FALSE,101,"leave-1",500,0.5,1e+05,TRUE,2
9.99999999999999,0,0,0,0,0,0,0,0,0,0,0,"normal","un",1000,500,0.5,0,0,0,1,FALSE,0,TRUE,FALSE,101,"leave-1",500,0.5,1e+05,TRUE,2
9.99999999999999,0,0,0,0,0,19.8329687679142,0,0,0,19.8329687679142,0,"normal","un",1000,500,0.5,0,0,0,1,FALSE,0,TRUE,FALSE,101,"leave-1",500,0.5,1e+05,TRUE,2
9.99999999999999,0,0,0,0,0,19.8668174428561,0,0,0,19.8668174428561,0,"normal","un",1000,500,0.5,0,0,0,1,FALSE,0,TRUE,FALSE,101,"leave-1",500,0.5,1e+05,TRUE,2
9.99999999999999,0,0,0,0,0,NA,NA,0,0,NA,NA,"normal","un",1000,500,0.5,0,0,0,1,FALSE,0,TRUE,FALSE,101,"leave-1",500,0.5,1e+05,TRUE,2
9.99999999999999,0,0,0,0,0,19.8719211041005,0,0,0,19.8719211041005,0,"normal","un",1000,500,0.5,0,0,0,1,FALSE,0,TRUE,FALSE,101,"leave-1",500,0.5,1e+05,TRUE,2
9.99999999999999,0,0,0,0,0,19.8406132177815,0,0,0,19.8406132177815,0,"normal","un",1000,500,0.5,0,0,0,1,FALSE,0,TRUE,FALSE,101,"leave-1",500,0.5,1e+05,TRUE,2
9.99999999999999,0,0,0,0,0,0,0,0,0,0,0,"normal","un",1000,500,0.5,0,0,0,1,FALSE,0,TRUE,FALSE,101,"leave-1",500,0.5,1e+05,TRUE,2
9.99999999999999,0,0,0,0,0,19.8087554364349,0,0,0,19.8087554364349,0,"normal","un",1000,500,0.5,0,0,0,1,FALSE,0,TRUE,FALSE,101,"leave-1",500,0.5,1e+05,TRUE,2
9.99999999999999,0,0,0,0,0,0,0,0,0,0,0,"normal","un",1000,500,0.5,0,0,0,1,FALSE,0,TRUE,FALSE,101,"leave-1",500,0.5,1e+05,TRUE,2
9.99999999999999,0,0,0,0,0,0,0,0,0,0,0,"normal","un",1000,500,0.5,0,0,0,1,FALSE,0,TRUE,FALSE,101,"leave-1",500,0.5,1e+05,TRUE,2
9.99999999999999,0,0,0,0,0,19.8718350984898,0,0,0,19.8718350984898,0,"normal","un",1000,500,0.5,0,0,0,1,FALSE,0,TRUE,FALSE,101,"leave-1",500,0.5,1e+05,TRUE,2
9.99999999999999,0,0,0,0,0,19.8694406581594,0,0,0,19.8694406581594,0,"normal","un",1000,500,0.5,0,0,0,1,FALSE,0,TRUE,FALSE,101,"leave-1",500,0.5,1e+05,TRUE,2
9.99999999999999,0,0,0,0,0,0,0,0,0,0,0,"normal","un",1000,500,0.5,0,0,0,1,FALSE,0,TRUE,FALSE,101,"leave-1",500,0.5,1e+05,TRUE,2
9.99999999999999,0,0,0,0,0,0,0,0,0,0,0,"normal","un",1000,500,0.5,0,0,0,1,FALSE,0,TRUE,FALSE,101,"leave-1",500,0.5,1e+05,TRUE,2
9.99999999999999,0,0,0,0,0,19.8821451330232,0,0,0,19.8821451330232,0,"normal","un",1000,500,0.5,0,0,0,1,FALSE,0,TRUE,FALSE,101,"leave-1",500,0.5,1e+05,TRUE,2
9.99999999999999,0,0,0,0,0,19.874868023365,0,0,0,19.874868023365,0,"normal","un",1000,500,0.5,0,0,0,1,FALSE,0,TRUE,FALSE,101,"leave-1",500,0.5,1e+05,TRUE,2
9.99999999999999,0,0,0,0,0,19.8456350608806,0,0,0,19.8456350608806,0,"normal","un",1000,500,0.5,0,0,0,1,FALSE,0,TRUE,FALSE,101,"leave-1",500,0.5,1e+05,TRUE,2
9.99999999999999,0,0,0,0,0,19.8484671703965,0,0,0,19.8484671703965,0,"normal","un",1000,500,0.5,0,0,0,1,FALSE,0,TRUE,FALSE,101,"leave-1",500,0.5,1e+05,TRUE,2
9.99999999999999,0,0,0,0,0,0,0,0,0,0,0,"normal","un",1000,500,0.5,0,0,0,1,FALSE,0,TRUE,FALSE,101,"leave-1",500,0.5,1e+05,TRUE,2
9.99999999999999,0,0,0,0,0,0,0,0,0,0,0,"normal","un",1000,500,0.5,0,0,0,1,FALSE,0,TRUE,FALSE,101,"leave-1",500,0.5,1e+05,TRUE,2
9.99999999999999,0,0,0,0,0,19.8678081323692,0,0,0,19.8678081323692,0,"normal","un",1000,500,0.5,0,0,0,1,FALSE,0,TRUE,FALSE,101,"leave-1",500,0.5,1e+05,TRUE,2
9.99999999999999,0,0,0,0,0,19.6766464425134,0,0,0,19.6766464425134,0,"normal","un",1000,500,0.5,0,0,0,1,FALSE,0,TRUE,FALSE,101,"leave-1",500,0.5,1e+05,TRUE,2
9.99999999999999,0,0,0,0,0,19.8833798446229,0,0,0,19.8833798446229,0,"normal","un",1000,500,0.5,0,0,0,1,FALSE,0,TRUE,FALSE,101,"leave-1",500,0.5,1e+05,TRUE,2
9.99999999999999,0,0,0,0,0,NA,NA,0,0,NA,NA,"normal","un",1000,500,0.5,0,0,0,1,FALSE,0,TRUE,FALSE,101,"leave-1",500,0.5,1e+05,TRUE,2
9.99999999999999,0,0,0,0,0,0,0,0,0,0,0,"normal","un",1000,500,0.5,0,0,0,1,FALSE,0,TRUE,FALSE,101,"leave-1",500,0.5,1e+05,TRUE,2
9.99999999999999,0,0,0,0,0,19.8807188451066,0,0,0,19.8807188451066,0,"normal","un",1000,500,0.5,0,0,0,1,FALSE,0,TRUE,FALSE,101,"leave-1",500,0.5,1e+05,TRUE,2
9.99999999999999,0,0,0,0,0,0,0,0,0,0,0,"normal","un",1000,500,0.5,0,0,0,1,FALSE,0,TRUE,FALSE,101,"leave-1",500,0.5,1e+05,TRUE,2
9.99999999999999,0,0,0,0,0,0,0,0,0,0,0,"normal","un",1000,500,0.5,0,0,0,1,FALSE,0,TRUE,FALSE,101,"leave-1",500,0.5,1e+05,TRUE,2
9.99999999999999,0,0,0,0,0,0,0,0,0,0,0,"normal","un",1000,500,0.5,0,0,0,1,FALSE,0,TRUE,FALSE,101,"leave-1",500,0.5,1e+05,TRUE,2
9.99999999999999,0,0,0,0,0,19.8740918708376,0,0,0,19.8740918708376,0,"normal","un",1000,500,0.5,0,0,0,1,FALSE,0,TRUE,FALSE,101,"leave-1",500,0.5,1e+05,TRUE,2
9.99999999999999,0,0,0,0,0,19.7656079851556,0,0,0,19.7656079851556,0,"normal","un",1000,500,0.5,0,0,0,1,FALSE,0,TRUE,FALSE,101,"leave-1",500,0.5,1e+05,TRUE,2
9.99999999999999,0,0,0,0,0,0,0,0,0,0,0,"normal","un",1000,500,0.5,0,0,0,1,FALSE,0,TRUE,FALSE,101,"leave-1",500,0.5,1e+05,TRUE,2
9.99999999999999,0,0,0,0,0,0,0,0,0,0,0,"normal","un",1000,500,0.5,0,0,0,1,FALSE,0,TRUE,FALSE,101,"leave-1",500,0.5,1e+05,TRUE,2
9.99999999999999,0,0,0,0,0,0,0,0,0,0,0,"normal","un",1000,500,0.5,0,0,0,1,FALSE,0,TRUE,FALSE,101,"leave-1",500,0.5,1e+05,TRUE,2
9.99999999999999,0,0,0,0,0,0,0,0,0,0,0,"normal","un",1000,500,0.5,0,0,0,1,FALSE,0,TRUE,FALSE,101,"leave-1",500,0.5,1e+05,TRUE,2
9.99999999999999,0,0,0,0,0,0,0,0,0,0,0,"normal","un",1000,500,0.5,0,0,0,1,FALSE,0,TRUE,FALSE,101,"leave-1",500,0.5,1e+05,TRUE,2
9.99999999999999,0,0,0,0,0,0,0,0,0,0,0,"normal","un",1000,500,0.5,0,0,0,1,FALSE,0,TRUE,FALSE,101,"leave-1",500,0.5,1e+05,TRUE,2
9.99999999999999,0,0,0,0,0,19.858157670055,0,0,0,19.858157670055,0,"normal","un",1000,500,0.5,0,0,0,1,FALSE,0,TRUE,FALSE,101,"leave-1",500,0.5,1e+05,TRUE,2
9.99999999999999,0,0,0,0,0,19.8783138051977,0,0,0,19.8783138051977,0,"normal","un",1000,500,0.5,0,0,0,1,FALSE,0,TRUE,FALSE,101,"leave-1",500,0.5,1e+05,TRUE,2
9.99999999999999,0,0,0,0,0,0,0,0,0,0,0,"normal","un",1000,500,0.5,0,0,0,1,FALSE,0,TRUE,FALSE,101,"leave-1",500,0.5,1e+05,TRUE,2
9.99999999999999,0,0,0,0,0,19.8832515458564,0,0,0,19.8832515458564,0,"normal","un",1000,500,0.5,0,0,0,1,FALSE,0,TRUE,FALSE,101,"leave-1",500,0.5,1e+05,TRUE,2
9.99999999999999,0,0,0,0,0,0,0,0,0,0,0,"normal","un",1000,500,0.5,0,0,0,1,FALSE,0,TRUE,FALSE,101,"leave-1",500,0.5,1e+05,TRUE,2
9.99999999999999,0,0,0,0,0,0,0,0,0,0,0,"normal","un",1000,500,0.5,0,0,0,1,FALSE,0,TRUE,FALSE,101,"leave-1",500,0.5,1e+05,TRUE,2
9.99999999999999,0,0,0,0,0,19.8771933433139,0,0,0,19.8771933433139,0,"normal","un",1000,500,0.5,0,0,0,1,FALSE,0,TRUE,FALSE,101,"leave-1",500,0.5,1e+05,TRUE,2
9.99999999999999,0,0,0,0,0,0,0,0,0,0,0,"normal","un",1000,500,0.5,0,0,0,1,FALSE,0,TRUE,FALSE,101,"leave-1",500,0.5,1e+05,TRUE,2
9.99999999999999,0,0,0,0,0,19.8407751702689,0,0,0,19.8407751702689,0,"normal","un",1000,500,0.5,0,0,0,1,FALSE,0,TRUE,FALSE,101,"leave-1",500,0.5,1e+05,TRUE,2
9.99999999999999,0,0,0,0,0,0,0,0,0,0,0,"normal","un",1000,500,0.5,0,0,0,1,FALSE,0,TRUE,FALSE,101,"leave-1",500,0.5,1e+05,TRUE,2
9.99999999999999,0,0,0,0,0,19.8652712354412,0,0,0,19.8652712354412,0,"normal","un",1000,500,0.5,0,0,0,1,FALSE,0,TRUE,FALSE,101,"leave-1",500,0.5,1e+05,TRUE,2
9.99999999999999,0,0,0,0,0,19.8528687910775,0,0,0,19.8528687910775,0,"normal","un",1000,500,0.5,0,0,0,1,FALSE,0,TRUE,FALSE,101,"leave-1",500,0.5,1e+05,TRUE,2
9.99999999999999,0,0,0,0,0,19.8332714916227,0,0,0,19.8332714916227,0,"normal","un",1000,500,0.5,0,0,0,1,FALSE,0,TRUE,FALSE,101,"leave-1",500,0.5,1e+05,TRUE,2
9.99999999999999,0,0,0,0,0,19.8829461853744,0,0,0,19.8829461853744,0,"normal","un",1000,500,0.5,0,0,0,1,FALSE,0,TRUE,FALSE,101,"leave-1",500,0.5,1e+05,TRUE,2
9.99999999999999,0,0,0,0,0,0,0,0,0,0,0,"normal","un",1000,500,0.5,0,0,0,1,FALSE,0,TRUE,FALSE,101,"leave-1",500,0.5,1e+05,TRUE,2
9.99999999999999,0,0,0,0,0,19.8724908239717,0,0,0,19.8724908239717,0,"normal","un",1000,500,0.5,0,0,0,1,FALSE,0,TRUE,FALSE,101,"leave-1",500,0.5,1e+05,TRUE,2
9.99999999999999,0,0,0,0,0,19.8010288099343,0,0,0,19.8010288099343,0,"normal","un",1000,500,0.5,0,0,0,1,FALSE,0,TRUE,FALSE,101,"leave-1",500,0.5,1e+05,TRUE,2
9.99999999999999,0,0,0,0,0,19.8730713888444,0,0,0,19.8730713888444,0,"normal","un",1000,500,0.5,0,0,0,1,FALSE,0,TRUE,FALSE,101,"leave-1",500,0.5,1e+05,TRUE,2
9.99999999999999,0,0,0,0,0,19.8832765904277,0,0,0,19.8832765904277,0,"normal","un",1000,500,0.5,0,0,0,1,FALSE,0,TRUE,FALSE,101,"leave-1",500,0.5,1e+05,TRUE,2
9.99999999999999,0,0,0,0,0,0,0,0,0,0,0,"normal","un",1000,500,0.5,0,0,0,1,FALSE,0,TRUE,FALSE,101,"leave-1",500,0.5,1e+05,TRUE,2
9.99999999999999,0,0,0,0,0,0,0,0,0,0,0,"normal","un",1000,500,0.5,0,0,0,1,FALSE,0,TRUE,FALSE,101,"leave-1",500,0.5,1e+05,TRUE,2
9.99999999999999,0,0,0,0,0,0,0,0,0,0,0,"normal","un",1000,500,0.5,0,0,0,1,FALSE,0,TRUE,FALSE,101,"leave-1",500,0.5,1e+05,TRUE,2
9.99999999999999,0,0,0,0,0,19.8157422832284,0,0,0,19.8157422832284,0,"normal","un",1000,500,0.5,0,0,0,1,FALSE,0,TRUE,FALSE,101,"leave-1",500,0.5,1e+05,TRUE,2
9.99999999999999,0,0,0,0,0,NA,NA,0,0,NA,NA,"normal","un",1000,500,0.5,0,0,0,1,FALSE,0,TRUE,FALSE,101,"leave-1",500,0.5,1e+05,TRUE,2
9.99999999999999,0,0,0,0,0,19.8806301065877,0,0,0,19.8806301065877,0,"normal","un",1000,500,0.5,0,0,0,1,FALSE,0,TRUE,FALSE,101,"leave-1",500,0.5,1e+05,TRUE,2
9.99999999999999,0,0,0,0,0,19.8490161390158,0,0,0,19.8490161390158,0,"normal","un",1000,500,0.5,0,0,0,1,FALSE,0,TRUE,FALSE,101,"leave-1",500,0.5,1e+05,TRUE,2
9.99999999999999,0,0,0,0,0,0,0,0,0,0,0,"normal","un",1000,500,0.5,0,0,0,1,FALSE,0,TRUE,FALSE,101,"leave-1",500,0.5,1e+05,TRUE,2
9.99999999999999,0,0,0,0,0,0,0,0,0,0,0,"normal","un",1000,500,0.5,0,0,0,1,FALSE,0,TRUE,FALSE,101,"leave-1",500,0.5,1e+05,TRUE,2
9.99999999999999,0,0,0,0,0,0,0,0,0,0,0,"normal","un",1000,500,0.5,0,0,0,1,FALSE,0,TRUE,FALSE,101,"leave-1",500,0.5,1e+05,TRUE,2
9.99999999999999,0,0,0,0,0,0,0,0,0,0,0,"normal","un",1000,500,0.5,0,0,0,1,FALSE,0,TRUE,FALSE,101,"leave-1",500,0.5,1e+05,TRUE,2
9.99999999999999,0,0,0,0,0,19.862347957761,0,0,0,19.862347957761,0,"normal","un",1000,500,0.5,0,0,0,1,FALSE,0,TRUE,FALSE,101,"leave-1",500,0.5,1e+05,TRUE,2
9.99999999999999,0,0,0,0,0,19.8797737769335,0,0,0,19.8797737769335,0,"normal","un",1000,500,0.5,0,0,0,1,FALSE,0,TRUE,FALSE,101,"leave-1",500,0.5,1e+05,TRUE,2
9.99999999999999,0,0,0,0,0,0,0,0,0,0,0,"normal","un",1000,500,0.5,0,0,0,1,FALSE,0,TRUE,FALSE,101,"leave-1",500,0.5,1e+05,TRUE,2
9.99999999999999,0,0,0,0,0,0,0,0,0,0,0,"normal","un",1000,500,0.5,0,0,0,1,FALSE,0,TRUE,FALSE,101,"leave-1",500,0.5,1e+05,TRUE,2
9.99999999999999,0,0,0,0,0,19.8818793243559,0,0,0,19.8818793243559,0,"normal","un",1000,500,0.5,0,0,0,1,FALSE,0,TRUE,FALSE,101,"leave-1",500,0.5,1e+05,TRUE,2
9.99999999999999,0,0,0,0,0,19.8387820311333,0,0,0,19.8387820311333,0,"normal","un",1000,500,0.5,0,0,0,1,FALSE,0,TRUE,FALSE,101,"leave-1",500,0.5,1e+05,TRUE,2
9.99999999999999,0,0,0,0,0,19.6474486327536,0,0,0,19.6474486327536,0,"normal","un",1000,500,0.5,0,0,0,1,FALSE,0,TRUE,FALSE,101,"leave-1",500,0.5,1e+05,TRUE,2
9.99999999999999,0,0,0,0,0,0,0,0,0,0,0,"normal","un",1000,500,0.5,0,0,0,1,FALSE,0,TRUE,FALSE,101,"leave-1",500,0.5,1e+05,TRUE,2
9.99999999999999,0,0,0,0,0,0,0,0,0,0,0,"normal","un",1000,500,0.5,0,0,0,1,FALSE,0,TRUE,FALSE,101,"leave-1",500,0.5,1e+05,TRUE,2
9.99999999999999,0,0,0,0,0,0,0,0,0,0,0,"normal","un",1000,500,0.5,0,0,0,1,FALSE,0,TRUE,FALSE,101,"leave-1",500,0.5,1e+05,TRUE,2
9.99999999999999,0,0,0,0,0,19.8836383035563,0,0,0,19.8836383035563,0,"normal","un",1000,500,0.5,0,0,0,1,FALSE,0,TRUE,FALSE,101,"leave-1",500,0.5,1e+05,TRUE,2
9.99999999999999,0,0,0,0,0,0,0,0,0,0,0,"normal","un",1000,500,0.5,0,0,0,1,FALSE,0,TRUE,FALSE,101,"leave-1",500,0.5,1e+05,TRUE,2
9.99999999999999,0,0,0,0,0,19.8835370419455,0,0,0,19.8835370419455,0,"normal","un",1000,500,0.5,0,0,0,1,FALSE,0,TRUE,FALSE,101,"leave-1",500,0.5,1e+05,TRUE,2
9.99999999999999,0,0,0,0,0,0,0,0,0,0,0,"normal","un",1000,500,0.5,0,0,0,1,FALSE,0,TRUE,FALSE,101,"leave-1",500,0.5,1e+05,TRUE,2
9.99999999999999,0,0,0,0,0,0,0,0,0,0,0,"normal","un",1000,500,0.5,0,0,0,1,FALSE,0,TRUE,FALSE,101,"leave-1",500,0.5,1e+05,TRUE,2
9.99999999999999,0,0,0,0,0,0,0,0,0,0,0,"normal","un",1000,500,0.5,0,0,0,1,FALSE,0,TRUE,FALSE,101,"leave-1",500,0.5,1e+05,TRUE,2
9.99999999999999,0,0,0,0,0,19.852986362093,0,0,0,19.852986362093,0,"normal","un",1000,500,0.5,0,0,0,1,FALSE,0,TRUE,FALSE,101,"leave-1",500,0.5,1e+05,TRUE,2
9.99999999999999,0,0,0,0,0,0,0,0,0,0,0,"normal","un",1000,500,0.5,0,0,0,1,FALSE,0,TRUE,FALSE,101,"leave-1",500,0.5,1e+05,TRUE,2
9.99999999999999,0,0,0,0,0,19.793374365061,0,0,0,19.793374365061,0,"normal","un",1000,500,0.5,0,0,0,1,FALSE,0,TRUE,FALSE,101,"leave-1",500,0.5,1e+05,TRUE,2
9.99999999999999,0,0,0,0,0,0,0,0,0,0,0,"normal","un",1000,500,0.5,0,0,0,1,FALSE,0,TRUE,FALSE,101,"leave-1",500,0.5,1e+05,TRUE,2
9.99999999999999,0,0,0,0,0,0,0,0,0,0,0,"normal","un",1000,500,0.5,0,0,0,1,FALSE,0,TRUE,FALSE,101,"leave-1",500,0.5,1e+05,TRUE,2
9.99999999999999,0,0,0,0,0,0,0,0,0,0,0,"normal","un",1000,500,0.5,0,0,0,1,FALSE,0,TRUE,FALSE,101,"leave-1",500,0.5,1e+05,TRUE,2
9.99999999999999,0,0,0,0,0,0,0,0,0,0,0,"normal","un",1000,500,0.5,0,0,0,1,FALSE,0,TRUE,FALSE,101,"leave-1",500,0.5,1e+05,TRUE,2
9.99999999999999,0,0,0,0,0,19.7915317552737,0,0,0,19.7915317552737,0,"normal","un",1000,500,0.5,0,0,0,1,FALSE,0,TRUE,FALSE,101,"leave-1",500,0.5,1e+05,TRUE,2
9.99999999999999,0,0,0,0,0,0,0,0,0,0,0,"normal","un",1000,500,0.5,0,0,0,1,FALSE,0,TRUE,FALSE,101,"leave-1",500,0.5,1e+05,TRUE,2
9.99999999999999,0,0,0,0,0,0,0,0,0,0,0,"normal","un",1000,500,0.5,0,0,0,1,FALSE,0,TRUE,FALSE,101,"leave-1",500,0.5,1e+05,TRUE,2
9.99999999999999,0,0,0,0,0,0,0,0,0,0,0,"normal","un",1000,500,0.5,0,0,0,1,FALSE,0,TRUE,FALSE,101,"leave-1",500,0.5,1e+05,TRUE,2
9.99999999999999,0,0,0,0,0,0,0,0,0,0,0,"normal","un",1000,500,0.5,0,0,0,1,FALSE,0,TRUE,FALSE,101,"leave-1",500,0.5,1e+05,TRUE,2
9.99999999999999,0,0,0,0,0,0,0,0,0,0,0,"normal","un",1000,500,0.5,0,0,0,1,FALSE,0,TRUE,FALSE,101,"leave-1",500,0.5,1e+05,TRUE,2
9.99999999999999,0,0,0,0,0,0,0,0,0,0,0,"normal","un",1000,500,0.5,0,0,0,1,FALSE,0,TRUE,FALSE,101,"leave-1",500,0.5,1e+05,TRUE,2
9.99999999999999,0,0,0,0,0,19.8704045995127,0,0,0,19.8704045995127,0,"normal","un",1000,500,0.5,0,0,0,1,FALSE,0,TRUE,FALSE,101,"leave-1",500,0.5,1e+05,TRUE,2
9.99999999999999,0,0,0,0,0,0,0,0,0,0,0,"normal","un",1000,500,0.5,0,0,0,1,FALSE,0,TRUE,FALSE,101,"leave-1",500,0.5,1e+05,TRUE,2
9.99999999999999,0,0,0,0,0,19.8834139349646,0,0,0,19.8834139349646,0,"normal","un",1000,500,0.5,0,0,0,1,FALSE,0,TRUE,FALSE,101,"leave-1",500,0.5,1e+05,TRUE,2
9.99999999999999,0,0,0,0,0,19.879049923002,0,0,0,19.879049923002,0,"normal","un",1000,500,0.5,0,0,0,1,FALSE,0,TRUE,FALSE,101,"leave-1",500,0.5,1e+05,TRUE,2
9.99999999999999,0,0,0,0,0,0,0,0,0,0,0,"normal","un",1000,500,0.5,0,0,0,1,FALSE,0,TRUE,FALSE,101,"leave-1",500,0.5,1e+05,TRUE,2
9.99999999999999,0,0,0,0,0,0,0,0,0,0,0,"normal","un",1000,500,0.5,0,0,0,1,FALSE,0,TRUE,FALSE,101,"leave-1",500,0.5,1e+05,TRUE,2
9.99999999999999,0,0,0,0,0,0,0,0,0,0,0,"normal","un",1000,500,0.5,0,0,0,1,FALSE,0,TRUE,FALSE,101,"leave-1",500,0.5,1e+05,TRUE,2
9.99999999999999,0,0,0,0,0,0,0,0,0,0,0,"normal","un",1000,500,0.5,0,0,0,1,FALSE,0,TRUE,FALSE,101,"leave-1",500,0.5,1e+05,TRUE,2
9.99999999999999,0,0,0,0,0,19.7642909490534,0,0,0,19.7642909490534,0,"normal","un",1000,500,0.5,0,0,0,1,FALSE,0,TRUE,FALSE,101,"leave-1",500,0.5,1e+05,TRUE,2
9.99999999999999,0,0,0,0,0,19.8005703283926,0,0,0,19.8005703283926,0,"normal","un",1000,500,0.5,0,0,0,1,FALSE,0,TRUE,FALSE,101,"leave-1",500,0.5,1e+05,TRUE,2
9.99999999999999,0,0,0,0,0,0,0,0,0,0,0,"normal","un",1000,500,0.5,0,0,0,1,FALSE,0,TRUE,FALSE,101,"leave-1",500,0.5,1e+05,TRUE,2
9.99999999999999,0,0,0,0,0,19.8142904684706,0,0,0,19.8142904684706,0,"normal","un",1000,500,0.5,0,0,0,1,FALSE,0,TRUE,FALSE,101,"leave-1",500,0.5,1e+05,TRUE,2
9.99999999999999,0,0,0,0,0,19.8833771248794,0,0,0,19.8833771248794,0,"normal","un",1000,500,0.5,0,0,0,1,FALSE,0,TRUE,FALSE,101,"leave-1",500,0.5,1e+05,TRUE,2
9.99999999999999,0,0,0,0,0,0,0,0,0,0,0,"normal","un",1000,500,0.5,0,0,0,1,FALSE,0,TRUE,FALSE,101,"leave-1",500,0.5,1e+05,TRUE,2
9.99999999999999,0,0,0,0,0,0,0,0,0,0,0,"normal","un",1000,500,0.5,0,0,0,1,FALSE,0,TRUE,FALSE,101,"leave-1",500,0.5,1e+05,TRUE,2
9.99999999999999,0,0,0,0,0,19.7057158883186,0,0,0,19.7057158883186,0,"normal","un",1000,500,0.5,0,0,0,1,FALSE,0,TRUE,FALSE,101,"leave-1",500,0.5,1e+05,TRUE,2
9.99999999999999,0,0,0,0,0,19.8636960872372,0,0,0,19.8636960872372,0,"normal","un",1000,500,0.5,0,0,0,1,FALSE,0,TRUE,FALSE,101,"leave-1",500,0.5,1e+05,TRUE,2
9.99999999999999,0,0,0,0,0,19.7943807032111,0,0,0,19.7943807032111,0,"normal","un",1000,500,0.5,0,0,0,1,FALSE,0,TRUE,FALSE,101,"leave-1",500,0.5,1e+05,TRUE,2
9.99999999999999,0,0,0,0,0,19.8110922209129,0,0,0,19.8110922209129,0,"normal","un",1000,500,0.5,0,0,0,1,FALSE,0,TRUE,FALSE,101,"leave-1",500,0.5,1e+05,TRUE,2
9.99999999999999,0,0,0,0,0,19.8477366242516,0,0,0,19.8477366242516,0,"normal","un",1000,500,0.5,0,0,0,1,FALSE,0,TRUE,FALSE,101,"leave-1",500,0.5,1e+05,TRUE,2
9.99999999999999,0,0,0,0,0,0,0,0,0,0,0,"normal","un",1000,500,0.5,0,0,0,1,FALSE,0,TRUE,FALSE,101,"leave-1",500,0.5,1e+05,TRUE,2
9.99999999999999,0,0,0,0,0,19.8116281998469,0,0,0,19.8116281998469,0,"normal","un",1000,500,0.5,0,0,0,1,FALSE,0,TRUE,FALSE,101,"leave-1",500,0.5,1e+05,TRUE,2
9.99999999999999,0,0,0,0,0,19.6252706290887,0,0,0,19.6252706290887,0,"normal","un",1000,500,0.5,0,0,0,1,FALSE,0,TRUE,FALSE,101,"leave-1",500,0.5,1e+05,TRUE,2
9.99999999999999,0,0,0,0,0,19.8017176186441,0,0,0,19.8017176186441,0,"normal","un",1000,500,0.5,0,0,0,1,FALSE,0,TRUE,FALSE,101,"leave-1",500,0.5,1e+05,TRUE,2
9.99999999999999,0,0,0,0,0,0,0,0,0,0,0,"normal","un",1000,500,0.5,0,0,0,1,FALSE,0,TRUE,FALSE,101,"leave-1",500,0.5,1e+05,TRUE,2
9.99999999999999,0,0,0,0,0,0,0,0,0,0,0,"normal","un",1000,500,0.5,0,0,0,1,FALSE,0,TRUE,FALSE,101,"leave-1",500,0.5,1e+05,TRUE,2
9.99999999999999,0,0,0,0,0,19.8339891415671,0,0,0,19.8339891415671,0,"normal","un",1000,500,0.5,0,0,0,1,FALSE,0,TRUE,FALSE,101,"leave-1",500,0.5,1e+05,TRUE,2
9.99999999999999,0,0,0,0,0,0,0,0,0,0,0,"normal","un",1000,500,0.5,0,0,0,1,FALSE,0,TRUE,FALSE,101,"leave-1",500,0.5,1e+05,TRUE,2
9.99999999999999,0,0,0,0,0,0,0,0,0,0,0,"normal","un",1000,500,0.5,0,0,0,1,FALSE,0,TRUE,FALSE,101,"leave-1",500,0.5,1e+05,TRUE,2
9.99999999999999,0,0,0,0,0,19.864768394563,0,0,0,19.864768394563,0,"normal","un",1000,500,0.5,0,0,0,1,FALSE,0,TRUE,FALSE,101,"leave-1",500,0.5,1e+05,TRUE,2
9.99999999999999,0,0,0,0,0,0,0,0,0,0,0,"normal","un",1000,500,0.5,0,0,0,1,FALSE,0,TRUE,FALSE,101,"leave-1",500,0.5,1e+05,TRUE,2
9.99999999999999,0,0,0,0,0,19.8833334043378,0,0,0,19.8833334043378,0,"normal","un",1000,500,0.5,0,0,0,1,FALSE,0,TRUE,FALSE,101,"leave-1",500,0.5,1e+05,TRUE,2
9.99999999999999,0,0,0,0,0,0,0,0,0,0,0,"normal","un",1000,500,0.5,0,0,0,1,FALSE,0,TRUE,FALSE,101,"leave-1",500,0.5,1e+05,TRUE,2
9.99999999999999,0,0,0,0,0,0,0,0,0,0,0,"normal","un",1000,500,0.5,0,0,0,1,FALSE,0,TRUE,FALSE,101,"leave-1",500,0.5,1e+05,TRUE,2
9.99999999999999,0,0,0,0,0,19.883616574953,0,0,0,19.883616574953,0,"normal","un",1000,500,0.5,0,0,0,1,FALSE,0,TRUE,FALSE,101,"leave-1",500,0.5,1e+05,TRUE,2
9.99999999999999,0,0,0,0,0,19.8806531971533,0,0,0,19.8806531971533,0,"normal","un",1000,500,0.5,0,0,0,1,FALSE,0,TRUE,FALSE,101,"leave-1",500,0.5,1e+05,TRUE,2
9.99999999999999,0,0,0,0,0,19.8824525098194,0,0,0,19.8824525098194,0,"normal","un",1000,500,0.5,0,0,0,1,FALSE,0,TRUE,FALSE,101,"leave-1",500,0.5,1e+05,TRUE,2
9.99999999999999,0,0,0,0,0,0,0,0,0,0,0,"normal","un",1000,500,0.5,0,0,0,1,FALSE,0,TRUE,FALSE,101,"leave-1",500,0.5,1e+05,TRUE,2
9.99999999999999,0,0,0,0,0,19.8502774189272,0,0,0,19.8502774189272,0,"normal","un",1000,500,0.5,0,0,0,1,FALSE,0,TRUE,FALSE,101,"leave-1",500,0.5,1e+05,TRUE,2
9.99999999999999,0,0,0,0,0,19.8201202042067,0,0,0,19.8201202042067,0,"normal","un",1000,500,0.5,0,0,0,1,FALSE,0,TRUE,FALSE,101,"leave-1",500,0.5,1e+05,TRUE,2
9.99999999999999,0,0,0,0,0,0,0,0,0,0,0,"normal","un",1000,500,0.5,0,0,0,1,FALSE,0,TRUE,FALSE,101,"leave-1",500,0.5,1e+05,TRUE,2
9.99999999999999,0,0,0,0,0,0,0,0,0,0,0,"normal","un",1000,500,0.5,0,0,0,1,FALSE,0,TRUE,FALSE,101,"leave-1",500,0.5,1e+05,TRUE,2
9.99999999999999,0,0,0,0,0,0,0,0,0,0,0,"normal","un",1000,500,0.5,0,0,0,1,FALSE,0,TRUE,FALSE,101,"leave-1",500,0.5,1e+05,TRUE,2
9.99999999999999,0,0,0,0,0,19.8672337275714,0,0,0,19.8672337275714,0,"normal","un",1000,500,0.5,0,0,0,1,FALSE,0,TRUE,FALSE,101,"leave-1",500,0.5,1e+05,TRUE,2
9.99999999999999,0,0,0,0,0,0,0,0,0,0,0,"normal","un",1000,500,0.5,0,0,0,1,FALSE,0,TRUE,FALSE,101,"leave-1",500,0.5,1e+05,TRUE,2
9.99999999999999,0,0,0,0,0,19.880836090443,0,0,0,19.880836090443,0,"normal","un",1000,500,0.5,0,0,0,1,FALSE,0,TRUE,FALSE,101,"leave-1",500,0.5,1e+05,TRUE,2
9.99999999999999,0,0,0,0,0,19.8705941475614,0,0,0,19.8705941475614,0,"normal","un",1000,500,0.5,0,0,0,1,FALSE,0,TRUE,FALSE,101,"leave-1",500,0.5,1e+05,TRUE,2
9.99999999999999,0,0,0,0,0,0,0,0,0,0,0,"normal","un",1000,500,0.5,0,0,0,1,FALSE,0,TRUE,FALSE,101,"leave-1",500,0.5,1e+05,TRUE,2
9.99999999999999,0,0,0,0,0,0,0,0,0,0,0,"normal","un",1000,500,0.5,0,0,0,1,FALSE,0,TRUE,FALSE,101,"leave-1",500,0.5,1e+05,TRUE,2
9.99999999999999,0,0,0,0,0,19.7907087389998,0,0,0,19.7907087389998,0,"normal","un",1000,500,0.5,0,0,0,1,FALSE,0,TRUE,FALSE,101,"leave-1",500,0.5,1e+05,TRUE,2
9.99999999999999,0,0,0,0,0,0,0,0,0,0,0,"normal","un",1000,500,0.5,0,0,0,1,FALSE,0,TRUE,FALSE,101,"leave-1",500,0.5,1e+05,TRUE,2
9.99999999999999,0,0,0,0,0,0,0,0,0,0,0,"normal","un",1000,500,0.5,0,0,0,1,FALSE,0,TRUE,FALSE,101,"leave-1",500,0.5,1e+05,TRUE,2
9.99999999999999,0,0,0,0,0,0,0,0,0,0,0,"normal","un",1000,500,0.5,0,0,0,1,FALSE,0,TRUE,FALSE,101,"leave-1",500,0.5,1e+05,TRUE,2
9.99999999999999,0,0,0,0,0,19.7969157687766,0,0,0,19.7969157687766,0,"normal","un",1000,500,0.5,0,0,0,1,FALSE,0,TRUE,FALSE,101,"leave-1",500,0.5,1e+05,TRUE,2
9.99999999999999,0,0,0,0,0,0,0,0,0,0,0,"normal","un",1000,500,0.5,0,0,0,1,FALSE,0,TRUE,FALSE,101,"leave-1",500,0.5,1e+05,TRUE,2
9.99999999999999,0,0,0,0,0,19.882949186989,0,0,0,19.882949186989,0,"normal","un",1000,500,0.5,0,0,0,1,FALSE,0,TRUE,FALSE,101,"leave-1",500,0.5,1e+05,TRUE,2
9.99999999999999,0,0,0,0,0,0,0,0,0,0,0,"normal","un",1000,500,0.5,0,0,0,1,FALSE,0,TRUE,FALSE,101,"leave-1",500,0.5,1e+05,TRUE,2
9.99999999999999,0,0,0,0,0,19.8738032087239,0,0,0,19.8738032087239,0,"normal","un",1000,500,0.5,0,0,0,1,FALSE,0,TRUE,FALSE,101,"leave-1",500,0.5,1e+05,TRUE,2
9.99999999999999,0,0,0,0,0,19.8442615670729,0,0,0,19.8442615670729,0,"normal","un",1000,500,0.5,0,0,0,1,FALSE,0,TRUE,FALSE,101,"leave-1",500,0.5,1e+05,TRUE,2
9.99999999999999,0,0,0,0,0,19.8591024923344,0,0,0,19.8591024923344,0,"normal","un",1000,500,0.5,0,0,0,1,FALSE,0,TRUE,FALSE,101,"leave-1",500,0.5,1e+05,TRUE,2
9.99999999999999,0,0,0,0,0,NA,NA,0,0,NA,NA,"normal","un",1000,500,0.5,0,0,0,1,FALSE,0,TRUE,FALSE,101,"leave-1",500,0.5,1e+05,TRUE,2
9.99999999999999,0,0,0,0,0,0,0,0,0,0,0,"normal","un",1000,500,0.5,0,0,0,1,FALSE,0,TRUE,FALSE,101,"leave-1",500,0.5,1e+05,TRUE,2
9.99999999999999,0,0,0,0,0,19.8794385428981,0,0,0,19.8794385428981,0,"normal","un",1000,500,0.5,0,0,0,1,FALSE,0,TRUE,FALSE,101,"leave-1",500,0.5,1e+05,TRUE,2
9.99999999999999,0,0,0,0,0,0,0,0,0,0,0,"normal","un",1000,500,0.5,0,0,0,1,FALSE,0,TRUE,FALSE,101,"leave-1",500,0.5,1e+05,TRUE,2
9.99999999999999,0,0,0,0,0,0,0,0,0,0,0,"normal","un",1000,500,0.5,0,0,0,1,FALSE,0,TRUE,FALSE,101,"leave-1",500,0.5,1e+05,TRUE,2
9.99999999999999,0,0,0,0,0,0,0,0,0,0,0,"normal","un",1000,500,0.5,0,0,0,1,FALSE,0,TRUE,FALSE,101,"leave-1",500,0.5,1e+05,TRUE,2
9.99999999999999,0,0,0,0,0,19.8832528194776,0,0,0,19.8832528194776,0,"normal","un",1000,500,0.5,0,0,0,1,FALSE,0,TRUE,FALSE,101,"leave-1",500,0.5,1e+05,TRUE,2
9.99999999999999,0,0,0,0,0,0,0,0,0,0,0,"normal","un",1000,500,0.5,0,0,0,1,FALSE,0,TRUE,FALSE,101,"leave-1",500,0.5,1e+05,TRUE,2
9.99999999999999,0,0,0,0,0,19.8829415400552,0,0,0,19.8829415400552,0,"normal","un",1000,500,0.5,0,0,0,1,FALSE,0,TRUE,FALSE,101,"leave-1",500,0.5,1e+05,TRUE,2
9.99999999999999,0,0,0,0,0,19.8327999692606,0,0,0,19.8327999692606,0,"normal","un",1000,500,0.5,0,0,0,1,FALSE,0,TRUE,FALSE,101,"leave-1",500,0.5,1e+05,TRUE,2
9.99999999999999,0,0,0,0,0,0,0,0,0,0,0,"normal","un",1000,500,0.5,0,0,0,1,FALSE,0,TRUE,FALSE,101,"leave-1",500,0.5,1e+05,TRUE,2
9.99999999999999,0,0,0,0,0,0,0,0,0,0,0,"normal","un",1000,500,0.5,0,0,0,1,FALSE,0,TRUE,FALSE,101,"leave-1",500,0.5,1e+05,TRUE,2
9.99999999999999,0,0,0,0,0,19.7845134591613,0,0,0,19.7845134591613,0,"normal","un",1000,500,0.5,0,0,0,1,FALSE,0,TRUE,FALSE,101,"leave-1",500,0.5,1e+05,TRUE,2
9.99999999999999,0,0,0,0,0,0,0,0,0,0,0,"normal","un",1000,500,0.5,0,0,0,1,FALSE,0,TRUE,FALSE,101,"leave-1",500,0.5,1e+05,TRUE,2
9.99999999999999,0,0,0,0,0,19.8401422203972,0,0,0,19.8401422203972,0,"normal","un",1000,500,0.5,0,0,0,1,FALSE,0,TRUE,FALSE,101,"leave-1",500,0.5,1e+05,TRUE,2
9.99999999999999,0,0,0,0,0,19.85748702989,0,0,0,19.85748702989,0,"normal","un",1000,500,0.5,0,0,0,1,FALSE,0,TRUE,FALSE,101,"leave-1",500,0.5,1e+05,TRUE,2
9.99999999999999,0,0,0,0,0,0,0,0,0,0,0,"normal","un",1000,500,0.5,0,0,0,1,FALSE,0,TRUE,FALSE,101,"leave-1",500,0.5,1e+05,TRUE,2
9.99999999999999,0,0,0,0,0,0,0,0,0,0,0,"normal","un",1000,500,0.5,0,0,0,1,FALSE,0,TRUE,FALSE,101,"leave-1",500,0.5,1e+05,TRUE,2
9.99999999999999,0,0,0,0,0,19.7232928692855,0,0,0,19.7232928692855,0,"normal","un",1000,500,0.5,0,0,0,1,FALSE,0,TRUE,FALSE,101,"leave-1",500,0.5,1e+05,TRUE,2
9.99999999999999,0,0,0,0,0,0,0,0,0,0,0,"normal","un",1000,500,0.5,0,0,0,1,FALSE,0,TRUE,FALSE,101,"leave-1",500,0.5,1e+05,TRUE,2
9.99999999999999,0,0,0,0,0,19.8570978982844,0,0,0,19.8570978982844,0,"normal","un",1000,500,0.5,0,0,0,1,FALSE,0,TRUE,FALSE,101,"leave-1",500,0.5,1e+05,TRUE,2
9.99999999999999,0,0,0,0,0,19.8809908022829,0,0,0,19.8809908022829,0,"normal","un",1000,500,0.5,0,0,0,1,FALSE,0,TRUE,FALSE,101,"leave-1",500,0.5,1e+05,TRUE,2
9.99999999999999,0,0,0,0,0,0,0,0,0,0,0,"normal","un",1000,500,0.5,0,0,0,1,FALSE,0,TRUE,FALSE,101,"leave-1",500,0.5,1e+05,TRUE,2
9.99999999999999,0,0,0,0,0,0,0,0,0,0,0,"normal","un",1000,500,0.5,0,0,0,1,FALSE,0,TRUE,FALSE,101,"leave-1",500,0.5,1e+05,TRUE,2
9.99999999999999,0,0,0,0,0,0,0,0,0,0,0,"normal","un",1000,500,0.5,0,0,0,1,FALSE,0,TRUE,FALSE,101,"leave-1",500,0.5,1e+05,TRUE,2
9.99999999999999,0,0,0,0,0,19.8713912397519,0,0,0,19.8713912397519,0,"normal","un",1000,500,0.5,0,0,0,1,FALSE,0,TRUE,FALSE,101,"leave-1",500,0.5,1e+05,TRUE,2
9.99999999999999,0,0,0,0,0,0,0,0,0,0,0,"normal","un",1000,500,0.5,0,0,0,1,FALSE,0,TRUE,FALSE,101,"leave-1",500,0.5,1e+05,TRUE,2
9.99999999999999,0,0,0,0,0,0,0,0,0,0,0,"normal","un",1000,500,0.5,0,0,0,1,FALSE,0,TRUE,FALSE,101,"leave-1",500,0.5,1e+05,TRUE,2
9.99999999999999,0,0,0,0,0,19.878116193522,0,0,0,19.878116193522,0,"normal","un",1000,500,0.5,0,0,0,1,FALSE,0,TRUE,FALSE,101,"leave-1",500,0.5,1e+05,TRUE,2
9.99999999999999,0,0,0,0,0,0,0,0,0,0,0,"normal","un",1000,500,0.5,0,0,0,1,FALSE,0,TRUE,FALSE,101,"leave-1",500,0.5,1e+05,TRUE,2
9.99999999999999,0,0,0,0,0,0,0,0,0,0,0,"normal","un",1000,500,0.5,0,0,0,1,FALSE,0,TRUE,FALSE,101,"leave-1",500,0.5,1e+05,TRUE,2
9.99999999999999,0,0,0,0,0,19.783254679086,0,0,0,19.783254679086,0,"normal","un",1000,500,0.5,0,0,0,1,FALSE,0,TRUE,FALSE,101,"leave-1",500,0.5,1e+05,TRUE,2
9.99999999999999,0,0,0,0,0,0,0,0,0,0,0,"normal","un",1000,500,0.5,0,0,0,1,FALSE,0,TRUE,FALSE,101,"leave-1",500,0.5,1e+05,TRUE,2
9.99999999999999,0,0,0,0,0,0,0,0,0,0,0,"normal","un",1000,500,0.5,0,0,0,1,FALSE,0,TRUE,FALSE,101,"leave-1",500,0.5,1e+05,TRUE,2
9.99999999999999,0,0,0,0,0,0,0,0,0,0,0,"normal","un",1000,500,0.5,0,0,0,1,FALSE,0,TRUE,FALSE,101,"leave-1",500,0.5,1e+05,TRUE,2
9.99999999999999,0,0,0,0,0,19.8828733940159,0,0,0,19.8828733940159,0,"normal","un",1000,500,0.5,0,0,0,1,FALSE,0,TRUE,FALSE,101,"leave-1",500,0.5,1e+05,TRUE,2
9.99999999999999,0,0,0,0,0,0,0,0,0,0,0,"normal","un",1000,500,0.5,0,0,0,1,FALSE,0,TRUE,FALSE,101,"leave-1",500,0.5,1e+05,TRUE,2
9.99999999999999,0,0,0,0,0,19.8773217319737,0,0,0,19.8773217319737,0,"normal","un",1000,500,0.5,0,0,0,1,FALSE,0,TRUE,FALSE,101,"leave-1",500,0.5,1e+05,TRUE,2
9.99999999999999,0,0,0,0,0,0,0,0,0,0,0,"normal","un",1000,500,0.5,0,0,0,1,FALSE,0,TRUE,FALSE,101,"leave-1",500,0.5,1e+05,TRUE,2
9.99999999999999,0,0,0,0,0,19.8485367793352,0,0,0,19.8485367793352,0,"normal","un",1000,500,0.5,0,0,0,1,FALSE,0,TRUE,FALSE,101,"leave-1",500,0.5,1e+05,TRUE,2
9.99999999999999,0,0,0,0,0,0,0,0,0,0,0,"normal","un",1000,500,0.5,0,0,0,1,FALSE,0,TRUE,FALSE,101,"leave-1",500,0.5,1e+05,TRUE,2
9.99999999999999,0,0,0,0,0,19.8759598170814,0,0,0,19.8759598170814,0,"normal","un",1000,500,0.5,0,0,0,1,FALSE,0,TRUE,FALSE,101,"leave-1",500,0.5,1e+05,TRUE,2
9.99999999999999,0,0,0,0,0,19.883196537861,0,0,0,19.883196537861,0,"normal","un",1000,500,0.5,0,0,0,1,FALSE,0,TRUE,FALSE,101,"leave-1",500,0.5,1e+05,TRUE,2
9.99999999999999,0,0,0,0,0,19.8655872470366,0,0,0,19.8655872470366,0,"normal","un",1000,500,0.5,0,0,0,1,FALSE,0,TRUE,FALSE,101,"leave-1",500,0.5,1e+05,TRUE,2
