"var_main_effect","var_inter_effect","cov_main_inter_effect","var_total_effect","least_square_main","sub_least_square_main","GCTA_main","GCTA_inter","sub_GCTA_main","sub_GCTA_inter","x_dist","structure","p","n","main_fixed_var","main_random_var","inter_fixed_var","inter_random_var","decor","interact","combine","pro","bs","n_sub","rho_e","emp_n","inter_std","i"
10,0,0,0,10.9380505396065,10.9314783924952,25.8771092039897,0,25.6067057775044,0,"chi","un",33,1000,0.5,0,0,0,FALSE,0,FALSE,101,"leave-1",1000,0.5,1e+05,TRUE,98
10,0,0,0,10.9380505396065,10.9454529581115,25.8771092039897,0,25.9519813419716,0,"chi","un",33,1000,0.5,0,0,0,FALSE,0,FALSE,101,"leave-1",1000,0.5,1e+05,TRUE,98
10,0,0,0,10.9380505396065,10.9536761125734,25.8771092039897,0,25.9208952678373,0,"chi","un",33,1000,0.5,0,0,0,FALSE,0,FALSE,101,"leave-1",1000,0.5,1e+05,TRUE,98
10,0,0,0,10.9380505396065,10.9427328271481,25.8771092039897,0,25.8797462002695,0,"chi","un",33,1000,0.5,0,0,0,FALSE,0,FALSE,101,"leave-1",1000,0.5,1e+05,TRUE,98
10,0,0,0,10.9380505396065,10.9464031140686,25.8771092039897,0,25.8926192884412,0,"chi","un",33,1000,0.5,0,0,0,FALSE,0,FALSE,101,"leave-1",1000,0.5,1e+05,TRUE,98
10,0,0,0,10.9380505396065,10.9496727398981,25.8771092039897,0,25.8747097136392,0,"chi","un",33,1000,0.5,0,0,0,FALSE,0,FALSE,101,"leave-1",1000,0.5,1e+05,TRUE,98
10,0,0,0,10.9380505396065,11.0055857198926,25.8771092039897,0,24.4504280214723,0,"chi","un",33,1000,0.5,0,0,0,FALSE,0,FALSE,101,"leave-1",1000,0.5,1e+05,TRUE,98
10,0,0,0,10.9380505396065,10.9479352892755,25.8771092039897,0,25.9551753586121,0,"chi","un",33,1000,0.5,0,0,0,FALSE,0,FALSE,101,"leave-1",1000,0.5,1e+05,TRUE,98
10,0,0,0,10.9380505396065,10.943779992235,25.8771092039897,0,25.8827606878078,0,"chi","un",33,1000,0.5,0,0,0,FALSE,0,FALSE,101,"leave-1",1000,0.5,1e+05,TRUE,98
10,0,0,0,10.9380505396065,10.9505935203322,25.8771092039897,0,25.8489236892859,0,"chi","un",33,1000,0.5,0,0,0,FALSE,0,FALSE,101,"leave-1",1000,0.5,1e+05,TRUE,98
10,0,0,0,10.9380505396065,10.9419847124797,25.8771092039897,0,25.8816864000511,0,"chi","un",33,1000,0.5,0,0,0,FALSE,0,FALSE,101,"leave-1",1000,0.5,1e+05,TRUE,98
10,0,0,0,10.9380505396065,10.9381103954015,25.8771092039897,0,25.9593090322468,0,"chi","un",33,1000,0.5,0,0,0,FALSE,0,FALSE,101,"leave-1",1000,0.5,1e+05,TRUE,98
10,0,0,0,10.9380505396065,10.9535482573257,25.8771092039897,0,25.8842868505199,0,"chi","un",33,1000,0.5,0,0,0,FALSE,0,FALSE,101,"leave-1",1000,0.5,1e+05,TRUE,98
10,0,0,0,10.9380505396065,10.9480840648324,25.8771092039897,0,25.8840878658718,0,"chi","un",33,1000,0.5,0,0,0,FALSE,0,FALSE,101,"leave-1",1000,0.5,1e+05,TRUE,98
10,0,0,0,10.9380505396065,10.9496033408517,25.8771092039897,0,25.933120596893,0,"chi","un",33,1000,0.5,0,0,0,FALSE,0,FALSE,101,"leave-1",1000,0.5,1e+05,TRUE,98
10,0,0,0,10.9380505396065,10.9486670061067,25.8771092039897,0,26.0237413984539,0,"chi","un",33,1000,0.5,0,0,0,FALSE,0,FALSE,101,"leave-1",1000,0.5,1e+05,TRUE,98
10,0,0,0,10.9380505396065,10.9315658294254,25.8771092039897,0,25.8508528257499,0,"chi","un",33,1000,0.5,0,0,0,FALSE,0,FALSE,101,"leave-1",1000,0.5,1e+05,TRUE,98
10,0,0,0,10.9380505396065,10.9384347326028,25.8771092039897,0,26.0644807360669,0,"chi","un",33,1000,0.5,0,0,0,FALSE,0,FALSE,101,"leave-1",1000,0.5,1e+05,TRUE,98
10,0,0,0,10.9380505396065,10.9728209093271,25.8771092039897,0,25.9004442461862,0,"chi","un",33,1000,0.5,0,0,0,FALSE,0,FALSE,101,"leave-1",1000,0.5,1e+05,TRUE,98
10,0,0,0,10.9380505396065,10.9573129221007,25.8771092039897,0,25.7928095085643,0,"chi","un",33,1000,0.5,0,0,0,FALSE,0,FALSE,101,"leave-1",1000,0.5,1e+05,TRUE,98
10,0,0,0,10.9380505396065,10.9423414379455,25.8771092039897,0,25.7942406861155,0,"chi","un",33,1000,0.5,0,0,0,FALSE,0,FALSE,101,"leave-1",1000,0.5,1e+05,TRUE,98
10,0,0,0,10.9380505396065,10.9492414673356,25.8771092039897,0,25.8211322783301,0,"chi","un",33,1000,0.5,0,0,0,FALSE,0,FALSE,101,"leave-1",1000,0.5,1e+05,TRUE,98
10,0,0,0,10.9380505396065,10.9541337456348,25.8771092039897,0,25.9220137219096,0,"chi","un",33,1000,0.5,0,0,0,FALSE,0,FALSE,101,"leave-1",1000,0.5,1e+05,TRUE,98
10,0,0,0,10.9380505396065,10.9519844911969,25.8771092039897,0,26.070226507506,0,"chi","un",33,1000,0.5,0,0,0,FALSE,0,FALSE,101,"leave-1",1000,0.5,1e+05,TRUE,98
10,0,0,0,10.9380505396065,10.9520673324598,25.8771092039897,0,25.8568941918507,0,"chi","un",33,1000,0.5,0,0,0,FALSE,0,FALSE,101,"leave-1",1000,0.5,1e+05,TRUE,98
10,0,0,0,10.9380505396065,10.9248896566987,25.8771092039897,0,25.8466595960444,0,"chi","un",33,1000,0.5,0,0,0,FALSE,0,FALSE,101,"leave-1",1000,0.5,1e+05,TRUE,98
10,0,0,0,10.9380505396065,10.938913350897,25.8771092039897,0,25.8656135079799,0,"chi","un",33,1000,0.5,0,0,0,FALSE,0,FALSE,101,"leave-1",1000,0.5,1e+05,TRUE,98
10,0,0,0,10.9380505396065,10.9405281454624,25.8771092039897,0,25.905732564859,0,"chi","un",33,1000,0.5,0,0,0,FALSE,0,FALSE,101,"leave-1",1000,0.5,1e+05,TRUE,98
10,0,0,0,10.9380505396065,10.9554215279656,25.8771092039897,0,26.0281215077173,0,"chi","un",33,1000,0.5,0,0,0,FALSE,0,FALSE,101,"leave-1",1000,0.5,1e+05,TRUE,98
10,0,0,0,10.9380505396065,10.87092717219,25.8771092039897,0,25.7750664206842,0,"chi","un",33,1000,0.5,0,0,0,FALSE,0,FALSE,101,"leave-1",1000,0.5,1e+05,TRUE,98
10,0,0,0,10.9380505396065,10.9308051603046,25.8771092039897,0,25.8700681039819,0,"chi","un",33,1000,0.5,0,0,0,FALSE,0,FALSE,101,"leave-1",1000,0.5,1e+05,TRUE,98
10,0,0,0,10.9380505396065,10.9540089825656,25.8771092039897,0,25.9445143921664,0,"chi","un",33,1000,0.5,0,0,0,FALSE,0,FALSE,101,"leave-1",1000,0.5,1e+05,TRUE,98
10,0,0,0,10.9380505396065,10.9572944954769,25.8771092039897,0,26.0484665957865,0,"chi","un",33,1000,0.5,0,0,0,FALSE,0,FALSE,101,"leave-1",1000,0.5,1e+05,TRUE,98
10,0,0,0,10.9380505396065,10.950966666934,25.8771092039897,0,25.9266818121608,0,"chi","un",33,1000,0.5,0,0,0,FALSE,0,FALSE,101,"leave-1",1000,0.5,1e+05,TRUE,98
10,0,0,0,10.9380505396065,10.9516118385209,25.8771092039897,0,25.9413475105255,0,"chi","un",33,1000,0.5,0,0,0,FALSE,0,FALSE,101,"leave-1",1000,0.5,1e+05,TRUE,98
10,0,0,0,10.9380505396065,10.9457686789855,25.8771092039897,0,25.8804080312305,0,"chi","un",33,1000,0.5,0,0,0,FALSE,0,FALSE,101,"leave-1",1000,0.5,1e+05,TRUE,98
10,0,0,0,10.9380505396065,10.9472429729101,25.8771092039897,0,25.9032050402877,0,"chi","un",33,1000,0.5,0,0,0,FALSE,0,FALSE,101,"leave-1",1000,0.5,1e+05,TRUE,98
10,0,0,0,10.9380505396065,10.9505140704008,25.8771092039897,0,25.8770344211778,0,"chi","un",33,1000,0.5,0,0,0,FALSE,0,FALSE,101,"leave-1",1000,0.5,1e+05,TRUE,98
10,0,0,0,10.9380505396065,10.7776117462335,25.8771092039897,0,25.3701246220733,0,"chi","un",33,1000,0.5,0,0,0,FALSE,0,FALSE,101,"leave-1",1000,0.5,1e+05,TRUE,98
10,0,0,0,10.9380505396065,10.9404281113793,25.8771092039897,0,25.8448634826054,0,"chi","un",33,1000,0.5,0,0,0,FALSE,0,FALSE,101,"leave-1",1000,0.5,1e+05,TRUE,98
10,0,0,0,10.9380505396065,10.9423084735105,25.8771092039897,0,25.9223435180998,0,"chi","un",33,1000,0.5,0,0,0,FALSE,0,FALSE,101,"leave-1",1000,0.5,1e+05,TRUE,98
10,0,0,0,10.9380505396065,10.8884391627129,25.8771092039897,0,25.813897479167,0,"chi","un",33,1000,0.5,0,0,0,FALSE,0,FALSE,101,"leave-1",1000,0.5,1e+05,TRUE,98
10,0,0,0,10.9380505396065,10.9452772151507,25.8771092039897,0,25.8591577220167,0,"chi","un",33,1000,0.5,0,0,0,FALSE,0,FALSE,101,"leave-1",1000,0.5,1e+05,TRUE,98
10,0,0,0,10.9380505396065,10.9380382933436,25.8771092039897,0,25.9431778588068,0,"chi","un",33,1000,0.5,0,0,0,FALSE,0,FALSE,101,"leave-1",1000,0.5,1e+05,TRUE,98
10,0,0,0,10.9380505396065,10.9441794546167,25.8771092039897,0,25.8740679651394,0,"chi","un",33,1000,0.5,0,0,0,FALSE,0,FALSE,101,"leave-1",1000,0.5,1e+05,TRUE,98
10,0,0,0,10.9380505396065,10.944436170589,25.8771092039897,0,25.8762575770956,0,"chi","un",33,1000,0.5,0,0,0,FALSE,0,FALSE,101,"leave-1",1000,0.5,1e+05,TRUE,98
10,0,0,0,10.9380505396065,10.9239449263479,25.8771092039897,0,25.885552582311,0,"chi","un",33,1000,0.5,0,0,0,FALSE,0,FALSE,101,"leave-1",1000,0.5,1e+05,TRUE,98
10,0,0,0,10.9380505396065,10.9364483477522,25.8771092039897,0,25.8317047589161,0,"chi","un",33,1000,0.5,0,0,0,FALSE,0,FALSE,101,"leave-1",1000,0.5,1e+05,TRUE,98
10,0,0,0,10.9380505396065,10.9350005553174,25.8771092039897,0,25.8697299238699,0,"chi","un",33,1000,0.5,0,0,0,FALSE,0,FALSE,101,"leave-1",1000,0.5,1e+05,TRUE,98
10,0,0,0,10.9380505396065,10.9358339609048,25.8771092039897,0,25.8639194794603,0,"chi","un",33,1000,0.5,0,0,0,FALSE,0,FALSE,101,"leave-1",1000,0.5,1e+05,TRUE,98
10,0,0,0,10.9380505396065,10.9164155380495,25.8771092039897,0,25.8167093958693,0,"chi","un",33,1000,0.5,0,0,0,FALSE,0,FALSE,101,"leave-1",1000,0.5,1e+05,TRUE,98
10,0,0,0,10.9380505396065,10.9426039221015,25.8771092039897,0,25.8476493115519,0,"chi","un",33,1000,0.5,0,0,0,FALSE,0,FALSE,101,"leave-1",1000,0.5,1e+05,TRUE,98
10,0,0,0,10.9380505396065,10.8969846748055,25.8771092039897,0,25.8036309951985,0,"chi","un",33,1000,0.5,0,0,0,FALSE,0,FALSE,101,"leave-1",1000,0.5,1e+05,TRUE,98
10,0,0,0,10.9380505396065,10.9466236487501,25.8771092039897,0,25.8579155765313,0,"chi","un",33,1000,0.5,0,0,0,FALSE,0,FALSE,101,"leave-1",1000,0.5,1e+05,TRUE,98
10,0,0,0,10.9380505396065,10.8472830730534,25.8771092039897,0,25.6891544323616,0,"chi","un",33,1000,0.5,0,0,0,FALSE,0,FALSE,101,"leave-1",1000,0.5,1e+05,TRUE,98
10,0,0,0,10.9380505396065,10.9529251648203,25.8771092039897,0,25.9155762886179,0,"chi","un",33,1000,0.5,0,0,0,FALSE,0,FALSE,101,"leave-1",1000,0.5,1e+05,TRUE,98
10,0,0,0,10.9380505396065,10.9446841300857,25.8771092039897,0,25.9000191517582,0,"chi","un",33,1000,0.5,0,0,0,FALSE,0,FALSE,101,"leave-1",1000,0.5,1e+05,TRUE,98
10,0,0,0,10.9380505396065,10.9485922773246,25.8771092039897,0,25.882259995891,0,"chi","un",33,1000,0.5,0,0,0,FALSE,0,FALSE,101,"leave-1",1000,0.5,1e+05,TRUE,98
10,0,0,0,10.9380505396065,10.9400440318043,25.8771092039897,0,25.8885881800146,0,"chi","un",33,1000,0.5,0,0,0,FALSE,0,FALSE,101,"leave-1",1000,0.5,1e+05,TRUE,98
10,0,0,0,10.9380505396065,10.9316173129354,25.8771092039897,0,25.7840457763913,0,"chi","un",33,1000,0.5,0,0,0,FALSE,0,FALSE,101,"leave-1",1000,0.5,1e+05,TRUE,98
10,0,0,0,10.9380505396065,10.9499394594995,25.8771092039897,0,25.9178978182039,0,"chi","un",33,1000,0.5,0,0,0,FALSE,0,FALSE,101,"leave-1",1000,0.5,1e+05,TRUE,98
10,0,0,0,10.9380505396065,10.9494531573073,25.8771092039897,0,25.872663820911,0,"chi","un",33,1000,0.5,0,0,0,FALSE,0,FALSE,101,"leave-1",1000,0.5,1e+05,TRUE,98
10,0,0,0,10.9380505396065,10.948629712806,25.8771092039897,0,25.7673659989806,0,"chi","un",33,1000,0.5,0,0,0,FALSE,0,FALSE,101,"leave-1",1000,0.5,1e+05,TRUE,98
10,0,0,0,10.9380505396065,10.9515631555196,25.8771092039897,0,25.8443876327004,0,"chi","un",33,1000,0.5,0,0,0,FALSE,0,FALSE,101,"leave-1",1000,0.5,1e+05,TRUE,98
10,0,0,0,10.9380505396065,10.9419364306895,25.8771092039897,0,25.8756899894598,0,"chi","un",33,1000,0.5,0,0,0,FALSE,0,FALSE,101,"leave-1",1000,0.5,1e+05,TRUE,98
10,0,0,0,10.9380505396065,10.9441590147606,25.8771092039897,0,25.8729572982333,0,"chi","un",33,1000,0.5,0,0,0,FALSE,0,FALSE,101,"leave-1",1000,0.5,1e+05,TRUE,98
10,0,0,0,10.9380505396065,10.9512721429697,25.8771092039897,0,25.943758498316,0,"chi","un",33,1000,0.5,0,0,0,FALSE,0,FALSE,101,"leave-1",1000,0.5,1e+05,TRUE,98
10,0,0,0,10.9380505396065,10.9726960989237,25.8771092039897,0,25.8357102045869,0,"chi","un",33,1000,0.5,0,0,0,FALSE,0,FALSE,101,"leave-1",1000,0.5,1e+05,TRUE,98
10,0,0,0,10.9380505396065,10.9155284735349,25.8771092039897,0,25.8657590257677,0,"chi","un",33,1000,0.5,0,0,0,FALSE,0,FALSE,101,"leave-1",1000,0.5,1e+05,TRUE,98
10,0,0,0,10.9380505396065,10.9622113620892,25.8771092039897,0,25.8240983888011,0,"chi","un",33,1000,0.5,0,0,0,FALSE,0,FALSE,101,"leave-1",1000,0.5,1e+05,TRUE,98
10,0,0,0,10.9380505396065,10.948392732674,25.8771092039897,0,25.9000469696898,0,"chi","un",33,1000,0.5,0,0,0,FALSE,0,FALSE,101,"leave-1",1000,0.5,1e+05,TRUE,98
10,0,0,0,10.9380505396065,10.9551300722835,25.8771092039897,0,25.9271026060583,0,"chi","un",33,1000,0.5,0,0,0,FALSE,0,FALSE,101,"leave-1",1000,0.5,1e+05,TRUE,98
10,0,0,0,10.9380505396065,10.9553588669789,25.8771092039897,0,25.8093896506477,0,"chi","un",33,1000,0.5,0,0,0,FALSE,0,FALSE,101,"leave-1",1000,0.5,1e+05,TRUE,98
10,0,0,0,10.9380505396065,10.8250112773607,25.8771092039897,0,25.3545928566868,0,"chi","un",33,1000,0.5,0,0,0,FALSE,0,FALSE,101,"leave-1",1000,0.5,1e+05,TRUE,98
10,0,0,0,10.9380505396065,10.9409319685784,25.8771092039897,0,25.8890792914841,0,"chi","un",33,1000,0.5,0,0,0,FALSE,0,FALSE,101,"leave-1",1000,0.5,1e+05,TRUE,98
10,0,0,0,10.9380505396065,10.9278926685721,25.8771092039897,0,25.9388480731051,0,"chi","un",33,1000,0.5,0,0,0,FALSE,0,FALSE,101,"leave-1",1000,0.5,1e+05,TRUE,98
10,0,0,0,10.9380505396065,10.9506562232331,25.8771092039897,0,25.8586684348014,0,"chi","un",33,1000,0.5,0,0,0,FALSE,0,FALSE,101,"leave-1",1000,0.5,1e+05,TRUE,98
10,0,0,0,10.9380505396065,10.9105862716223,25.8771092039897,0,25.8850884131352,0,"chi","un",33,1000,0.5,0,0,0,FALSE,0,FALSE,101,"leave-1",1000,0.5,1e+05,TRUE,98
10,0,0,0,10.9380505396065,10.9388119949689,25.8771092039897,0,25.8708595843085,0,"chi","un",33,1000,0.5,0,0,0,FALSE,0,FALSE,101,"leave-1",1000,0.5,1e+05,TRUE,98
10,0,0,0,10.9380505396065,10.9480814043648,25.8771092039897,0,25.8598883421757,0,"chi","un",33,1000,0.5,0,0,0,FALSE,0,FALSE,101,"leave-1",1000,0.5,1e+05,TRUE,98
10,0,0,0,10.9380505396065,10.9285519975448,25.8771092039897,0,25.8685931604917,0,"chi","un",33,1000,0.5,0,0,0,FALSE,0,FALSE,101,"leave-1",1000,0.5,1e+05,TRUE,98
10,0,0,0,10.9380505396065,10.9504989436901,25.8771092039897,0,26.0404006070141,0,"chi","un",33,1000,0.5,0,0,0,FALSE,0,FALSE,101,"leave-1",1000,0.5,1e+05,TRUE,98
10,0,0,0,10.9380505396065,10.9239487866268,25.8771092039897,0,25.8488074506119,0,"chi","un",33,1000,0.5,0,0,0,FALSE,0,FALSE,101,"leave-1",1000,0.5,1e+05,TRUE,98
10,0,0,0,10.9380505396065,10.9396015974096,25.8771092039897,0,25.8841239695477,0,"chi","un",33,1000,0.5,0,0,0,FALSE,0,FALSE,101,"leave-1",1000,0.5,1e+05,TRUE,98
10,0,0,0,10.9380505396065,10.945754304021,25.8771092039897,0,25.7603394742646,0,"chi","un",33,1000,0.5,0,0,0,FALSE,0,FALSE,101,"leave-1",1000,0.5,1e+05,TRUE,98
10,0,0,0,10.9380505396065,10.9433418004716,25.8771092039897,0,25.8416713574395,0,"chi","un",33,1000,0.5,0,0,0,FALSE,0,FALSE,101,"leave-1",1000,0.5,1e+05,TRUE,98
10,0,0,0,10.9380505396065,10.9442811261734,25.8771092039897,0,25.8798696796291,0,"chi","un",33,1000,0.5,0,0,0,FALSE,0,FALSE,101,"leave-1",1000,0.5,1e+05,TRUE,98
10,0,0,0,10.9380505396065,10.9926035063775,25.8771092039897,0,25.7525317304199,0,"chi","un",33,1000,0.5,0,0,0,FALSE,0,FALSE,101,"leave-1",1000,0.5,1e+05,TRUE,98
10,0,0,0,10.9380505396065,10.8112203560357,25.8771092039897,0,26.05946122617,0,"chi","un",33,1000,0.5,0,0,0,FALSE,0,FALSE,101,"leave-1",1000,0.5,1e+05,TRUE,98
10,0,0,0,10.9380505396065,10.9521429555407,25.8771092039897,0,25.761450480475,0,"chi","un",33,1000,0.5,0,0,0,FALSE,0,FALSE,101,"leave-1",1000,0.5,1e+05,TRUE,98
10,0,0,0,10.9380505396065,10.9506198992226,25.8771092039897,0,25.9431601261376,0,"chi","un",33,1000,0.5,0,0,0,FALSE,0,FALSE,101,"leave-1",1000,0.5,1e+05,TRUE,98
10,0,0,0,10.9380505396065,10.9561047503529,25.8771092039897,0,25.8980024723732,0,"chi","un",33,1000,0.5,0,0,0,FALSE,0,FALSE,101,"leave-1",1000,0.5,1e+05,TRUE,98
10,0,0,0,10.9380505396065,10.9211345996943,25.8771092039897,0,25.8054973928506,0,"chi","un",33,1000,0.5,0,0,0,FALSE,0,FALSE,101,"leave-1",1000,0.5,1e+05,TRUE,98
10,0,0,0,10.9380505396065,10.971375177162,25.8771092039897,0,25.9992538800743,0,"chi","un",33,1000,0.5,0,0,0,FALSE,0,FALSE,101,"leave-1",1000,0.5,1e+05,TRUE,98
10,0,0,0,10.9380505396065,10.9577630494908,25.8771092039897,0,26.0093073805175,0,"chi","un",33,1000,0.5,0,0,0,FALSE,0,FALSE,101,"leave-1",1000,0.5,1e+05,TRUE,98
10,0,0,0,10.9380505396065,10.9441504190259,25.8771092039897,0,25.7596789178499,0,"chi","un",33,1000,0.5,0,0,0,FALSE,0,FALSE,101,"leave-1",1000,0.5,1e+05,TRUE,98
10,0,0,0,10.9380505396065,10.9768037660214,25.8771092039897,0,26.0880139849598,0,"chi","un",33,1000,0.5,0,0,0,FALSE,0,FALSE,101,"leave-1",1000,0.5,1e+05,TRUE,98
10,0,0,0,10.9380505396065,10.9596685710605,25.8771092039897,0,25.9178189222451,0,"chi","un",33,1000,0.5,0,0,0,FALSE,0,FALSE,101,"leave-1",1000,0.5,1e+05,TRUE,98
10,0,0,0,10.9380505396065,10.9566498926854,25.8771092039897,0,25.930567331293,0,"chi","un",33,1000,0.5,0,0,0,FALSE,0,FALSE,101,"leave-1",1000,0.5,1e+05,TRUE,98
10,0,0,0,10.9380505396065,10.9420361627996,25.8771092039897,0,25.88139922857,0,"chi","un",33,1000,0.5,0,0,0,FALSE,0,FALSE,101,"leave-1",1000,0.5,1e+05,TRUE,98
10,0,0,0,10.9380505396065,10.9358386833731,25.8771092039897,0,25.8697341092099,0,"chi","un",33,1000,0.5,0,0,0,FALSE,0,FALSE,101,"leave-1",1000,0.5,1e+05,TRUE,98
10,0,0,0,10.9380505396065,10.9222884989962,25.8771092039897,0,25.8419399860122,0,"chi","un",33,1000,0.5,0,0,0,FALSE,0,FALSE,101,"leave-1",1000,0.5,1e+05,TRUE,98
10,0,0,0,10.9380505396065,10.9281796571194,25.8771092039897,0,25.7911443649002,0,"chi","un",33,1000,0.5,0,0,0,FALSE,0,FALSE,101,"leave-1",1000,0.5,1e+05,TRUE,98
10,0,0,0,10.9380505396065,10.9481081472474,25.8771092039897,0,25.9052651405395,0,"chi","un",33,1000,0.5,0,0,0,FALSE,0,FALSE,101,"leave-1",1000,0.5,1e+05,TRUE,98
10,0,0,0,10.9380505396065,10.9502776156568,25.8771092039897,0,25.8161947784331,0,"chi","un",33,1000,0.5,0,0,0,FALSE,0,FALSE,101,"leave-1",1000,0.5,1e+05,TRUE,98
10,0,0,0,10.9380505396065,10.9472965930387,25.8771092039897,0,25.8685862027703,0,"chi","un",33,1000,0.5,0,0,0,FALSE,0,FALSE,101,"leave-1",1000,0.5,1e+05,TRUE,98
10,0,0,0,10.9380505396065,10.946637309189,25.8771092039897,0,25.9495094470109,0,"chi","un",33,1000,0.5,0,0,0,FALSE,0,FALSE,101,"leave-1",1000,0.5,1e+05,TRUE,98
10,0,0,0,10.9380505396065,10.9406741188216,25.8771092039897,0,25.8843646879395,0,"chi","un",33,1000,0.5,0,0,0,FALSE,0,FALSE,101,"leave-1",1000,0.5,1e+05,TRUE,98
10,0,0,0,10.9380505396065,10.9566648476408,25.8771092039897,0,25.959363306298,0,"chi","un",33,1000,0.5,0,0,0,FALSE,0,FALSE,101,"leave-1",1000,0.5,1e+05,TRUE,98
10,0,0,0,10.9380505396065,10.9259023551087,25.8771092039897,0,25.6887800058607,0,"chi","un",33,1000,0.5,0,0,0,FALSE,0,FALSE,101,"leave-1",1000,0.5,1e+05,TRUE,98
10,0,0,0,10.9380505396065,10.9381090299081,25.8771092039897,0,25.8550360766803,0,"chi","un",33,1000,0.5,0,0,0,FALSE,0,FALSE,101,"leave-1",1000,0.5,1e+05,TRUE,98
10,0,0,0,10.9380505396065,10.9268036582401,25.8771092039897,0,26.1530189184377,0,"chi","un",33,1000,0.5,0,0,0,FALSE,0,FALSE,101,"leave-1",1000,0.5,1e+05,TRUE,98
10,0,0,0,10.9380505396065,10.9478275757504,25.8771092039897,0,25.8883825821284,0,"chi","un",33,1000,0.5,0,0,0,FALSE,0,FALSE,101,"leave-1",1000,0.5,1e+05,TRUE,98
10,0,0,0,10.9380505396065,10.9485534764296,25.8771092039897,0,25.8806651651463,0,"chi","un",33,1000,0.5,0,0,0,FALSE,0,FALSE,101,"leave-1",1000,0.5,1e+05,TRUE,98
10,0,0,0,10.9380505396065,10.9491502116893,25.8771092039897,0,25.8926624565127,0,"chi","un",33,1000,0.5,0,0,0,FALSE,0,FALSE,101,"leave-1",1000,0.5,1e+05,TRUE,98
10,0,0,0,10.9380505396065,10.9536700447446,25.8771092039897,0,25.8461190283671,0,"chi","un",33,1000,0.5,0,0,0,FALSE,0,FALSE,101,"leave-1",1000,0.5,1e+05,TRUE,98
10,0,0,0,10.9380505396065,10.9511350296858,25.8771092039897,0,25.9787434107208,0,"chi","un",33,1000,0.5,0,0,0,FALSE,0,FALSE,101,"leave-1",1000,0.5,1e+05,TRUE,98
10,0,0,0,10.9380505396065,10.9485454939223,25.8771092039897,0,25.8709753166824,0,"chi","un",33,1000,0.5,0,0,0,FALSE,0,FALSE,101,"leave-1",1000,0.5,1e+05,TRUE,98
10,0,0,0,10.9380505396065,10.9479366645121,25.8771092039897,0,25.8411813839618,0,"chi","un",33,1000,0.5,0,0,0,FALSE,0,FALSE,101,"leave-1",1000,0.5,1e+05,TRUE,98
10,0,0,0,10.9380505396065,10.948808170996,25.8771092039897,0,25.9288007282634,0,"chi","un",33,1000,0.5,0,0,0,FALSE,0,FALSE,101,"leave-1",1000,0.5,1e+05,TRUE,98
10,0,0,0,10.9380505396065,10.9551294641167,25.8771092039897,0,25.9051145869356,0,"chi","un",33,1000,0.5,0,0,0,FALSE,0,FALSE,101,"leave-1",1000,0.5,1e+05,TRUE,98
10,0,0,0,10.9380505396065,10.9571219694867,25.8771092039897,0,25.9957159318389,0,"chi","un",33,1000,0.5,0,0,0,FALSE,0,FALSE,101,"leave-1",1000,0.5,1e+05,TRUE,98
10,0,0,0,10.9380505396065,10.9496652079178,25.8771092039897,0,25.7464957737039,0,"chi","un",33,1000,0.5,0,0,0,FALSE,0,FALSE,101,"leave-1",1000,0.5,1e+05,TRUE,98
10,0,0,0,10.9380505396065,10.9427552707725,25.8771092039897,0,25.8990372774459,0,"chi","un",33,1000,0.5,0,0,0,FALSE,0,FALSE,101,"leave-1",1000,0.5,1e+05,TRUE,98
10,0,0,0,10.9380505396065,10.9594791660096,25.8771092039897,0,25.8716729062784,0,"chi","un",33,1000,0.5,0,0,0,FALSE,0,FALSE,101,"leave-1",1000,0.5,1e+05,TRUE,98
10,0,0,0,10.9380505396065,10.960523221006,25.8771092039897,0,25.9419352761694,0,"chi","un",33,1000,0.5,0,0,0,FALSE,0,FALSE,101,"leave-1",1000,0.5,1e+05,TRUE,98
10,0,0,0,10.9380505396065,10.9169674831489,25.8771092039897,0,25.8731039116281,0,"chi","un",33,1000,0.5,0,0,0,FALSE,0,FALSE,101,"leave-1",1000,0.5,1e+05,TRUE,98
10,0,0,0,10.9380505396065,10.9487602678421,25.8771092039897,0,25.8943183607499,0,"chi","un",33,1000,0.5,0,0,0,FALSE,0,FALSE,101,"leave-1",1000,0.5,1e+05,TRUE,98
10,0,0,0,10.9380505396065,10.900720187954,25.8771092039897,0,25.6758175872618,0,"chi","un",33,1000,0.5,0,0,0,FALSE,0,FALSE,101,"leave-1",1000,0.5,1e+05,TRUE,98
10,0,0,0,10.9380505396065,10.933266921403,25.8771092039897,0,25.9046364754791,0,"chi","un",33,1000,0.5,0,0,0,FALSE,0,FALSE,101,"leave-1",1000,0.5,1e+05,TRUE,98
10,0,0,0,10.9380505396065,10.9022933772904,25.8771092039897,0,25.9594812830969,0,"chi","un",33,1000,0.5,0,0,0,FALSE,0,FALSE,101,"leave-1",1000,0.5,1e+05,TRUE,98
10,0,0,0,10.9380505396065,10.9510871853526,25.8771092039897,0,25.8987725334861,0,"chi","un",33,1000,0.5,0,0,0,FALSE,0,FALSE,101,"leave-1",1000,0.5,1e+05,TRUE,98
10,0,0,0,10.9380505396065,10.9460975009193,25.8771092039897,0,25.8947973104,0,"chi","un",33,1000,0.5,0,0,0,FALSE,0,FALSE,101,"leave-1",1000,0.5,1e+05,TRUE,98
10,0,0,0,10.9380505396065,10.9548193981688,25.8771092039897,0,25.9197578325433,0,"chi","un",33,1000,0.5,0,0,0,FALSE,0,FALSE,101,"leave-1",1000,0.5,1e+05,TRUE,98
10,0,0,0,10.9380505396065,10.9537453284961,25.8771092039897,0,25.8232940708468,0,"chi","un",33,1000,0.5,0,0,0,FALSE,0,FALSE,101,"leave-1",1000,0.5,1e+05,TRUE,98
10,0,0,0,10.9380505396065,10.9400121853785,25.8771092039897,0,25.885736716925,0,"chi","un",33,1000,0.5,0,0,0,FALSE,0,FALSE,101,"leave-1",1000,0.5,1e+05,TRUE,98
10,0,0,0,10.9380505396065,10.9253198073944,25.8771092039897,0,26.0170764799834,0,"chi","un",33,1000,0.5,0,0,0,FALSE,0,FALSE,101,"leave-1",1000,0.5,1e+05,TRUE,98
10,0,0,0,10.9380505396065,10.9826279686564,25.8771092039897,0,25.43950979477,0,"chi","un",33,1000,0.5,0,0,0,FALSE,0,FALSE,101,"leave-1",1000,0.5,1e+05,TRUE,98
10,0,0,0,10.9380505396065,10.9450683438616,25.8771092039897,0,25.8806980455366,0,"chi","un",33,1000,0.5,0,0,0,FALSE,0,FALSE,101,"leave-1",1000,0.5,1e+05,TRUE,98
10,0,0,0,10.9380505396065,10.938911557385,25.8771092039897,0,25.8288548173153,0,"chi","un",33,1000,0.5,0,0,0,FALSE,0,FALSE,101,"leave-1",1000,0.5,1e+05,TRUE,98
10,0,0,0,10.9380505396065,10.9509181061542,25.8771092039897,0,25.905422554144,0,"chi","un",33,1000,0.5,0,0,0,FALSE,0,FALSE,101,"leave-1",1000,0.5,1e+05,TRUE,98
10,0,0,0,10.9380505396065,10.9600486850403,25.8771092039897,0,26.1176389120684,0,"chi","un",33,1000,0.5,0,0,0,FALSE,0,FALSE,101,"leave-1",1000,0.5,1e+05,TRUE,98
10,0,0,0,10.9380505396065,10.9501382015125,25.8771092039897,0,25.9012385567319,0,"chi","un",33,1000,0.5,0,0,0,FALSE,0,FALSE,101,"leave-1",1000,0.5,1e+05,TRUE,98
10,0,0,0,10.9380505396065,10.9573414924068,25.8771092039897,0,25.8838494002069,0,"chi","un",33,1000,0.5,0,0,0,FALSE,0,FALSE,101,"leave-1",1000,0.5,1e+05,TRUE,98
10,0,0,0,10.9380505396065,10.9555051379669,25.8771092039897,0,25.788896943018,0,"chi","un",33,1000,0.5,0,0,0,FALSE,0,FALSE,101,"leave-1",1000,0.5,1e+05,TRUE,98
10,0,0,0,10.9380505396065,10.9458208954027,25.8771092039897,0,25.9638947388091,0,"chi","un",33,1000,0.5,0,0,0,FALSE,0,FALSE,101,"leave-1",1000,0.5,1e+05,TRUE,98
10,0,0,0,10.9380505396065,10.9535426976937,25.8771092039897,0,25.8353798630911,0,"chi","un",33,1000,0.5,0,0,0,FALSE,0,FALSE,101,"leave-1",1000,0.5,1e+05,TRUE,98
10,0,0,0,10.9380505396065,10.9473048637725,25.8771092039897,0,25.8792316172161,0,"chi","un",33,1000,0.5,0,0,0,FALSE,0,FALSE,101,"leave-1",1000,0.5,1e+05,TRUE,98
10,0,0,0,10.9380505396065,10.9610063636393,25.8771092039897,0,26.0387827643697,0,"chi","un",33,1000,0.5,0,0,0,FALSE,0,FALSE,101,"leave-1",1000,0.5,1e+05,TRUE,98
10,0,0,0,10.9380505396065,10.9513942982131,25.8771092039897,0,25.8512944486766,0,"chi","un",33,1000,0.5,0,0,0,FALSE,0,FALSE,101,"leave-1",1000,0.5,1e+05,TRUE,98
10,0,0,0,10.9380505396065,10.9480276982935,25.8771092039897,0,25.849171773581,0,"chi","un",33,1000,0.5,0,0,0,FALSE,0,FALSE,101,"leave-1",1000,0.5,1e+05,TRUE,98
10,0,0,0,10.9380505396065,11.0134624750303,25.8771092039897,0,26.2623881838026,0,"chi","un",33,1000,0.5,0,0,0,FALSE,0,FALSE,101,"leave-1",1000,0.5,1e+05,TRUE,98
10,0,0,0,10.9380505396065,10.9582152699034,25.8771092039897,0,25.7035396978306,0,"chi","un",33,1000,0.5,0,0,0,FALSE,0,FALSE,101,"leave-1",1000,0.5,1e+05,TRUE,98
10,0,0,0,10.9380505396065,10.9550726657778,25.8771092039897,0,25.956705549717,0,"chi","un",33,1000,0.5,0,0,0,FALSE,0,FALSE,101,"leave-1",1000,0.5,1e+05,TRUE,98
10,0,0,0,10.9380505396065,10.9362118776141,25.8771092039897,0,25.8760942936189,0,"chi","un",33,1000,0.5,0,0,0,FALSE,0,FALSE,101,"leave-1",1000,0.5,1e+05,TRUE,98
10,0,0,0,10.9380505396065,10.9551935680079,25.8771092039897,0,25.8690001585104,0,"chi","un",33,1000,0.5,0,0,0,FALSE,0,FALSE,101,"leave-1",1000,0.5,1e+05,TRUE,98
10,0,0,0,10.9380505396065,10.9512138954004,25.8771092039897,0,25.918296463453,0,"chi","un",33,1000,0.5,0,0,0,FALSE,0,FALSE,101,"leave-1",1000,0.5,1e+05,TRUE,98
10,0,0,0,10.9380505396065,10.8486785569885,25.8771092039897,0,25.6618620977829,0,"chi","un",33,1000,0.5,0,0,0,FALSE,0,FALSE,101,"leave-1",1000,0.5,1e+05,TRUE,98
10,0,0,0,10.9380505396065,10.9515350513583,25.8771092039897,0,25.8533234607456,0,"chi","un",33,1000,0.5,0,0,0,FALSE,0,FALSE,101,"leave-1",1000,0.5,1e+05,TRUE,98
10,0,0,0,10.9380505396065,10.9498677393178,25.8771092039897,0,25.9383552162823,0,"chi","un",33,1000,0.5,0,0,0,FALSE,0,FALSE,101,"leave-1",1000,0.5,1e+05,TRUE,98
10,0,0,0,10.9380505396065,10.9430556320727,25.8771092039897,0,26.0149052772747,0,"chi","un",33,1000,0.5,0,0,0,FALSE,0,FALSE,101,"leave-1",1000,0.5,1e+05,TRUE,98
10,0,0,0,10.9380505396065,10.9495469002429,25.8771092039897,0,25.8494995857405,0,"chi","un",33,1000,0.5,0,0,0,FALSE,0,FALSE,101,"leave-1",1000,0.5,1e+05,TRUE,98
10,0,0,0,10.9380505396065,10.9314032576524,25.8771092039897,0,25.7981100332254,0,"chi","un",33,1000,0.5,0,0,0,FALSE,0,FALSE,101,"leave-1",1000,0.5,1e+05,TRUE,98
10,0,0,0,10.9380505396065,10.9487279557253,25.8771092039897,0,25.9103280914893,0,"chi","un",33,1000,0.5,0,0,0,FALSE,0,FALSE,101,"leave-1",1000,0.5,1e+05,TRUE,98
10,0,0,0,10.9380505396065,10.9481024810019,25.8771092039897,0,25.8807543411301,0,"chi","un",33,1000,0.5,0,0,0,FALSE,0,FALSE,101,"leave-1",1000,0.5,1e+05,TRUE,98
10,0,0,0,10.9380505396065,10.9392203350293,25.8771092039897,0,25.8561970511668,0,"chi","un",33,1000,0.5,0,0,0,FALSE,0,FALSE,101,"leave-1",1000,0.5,1e+05,TRUE,98
10,0,0,0,10.9380505396065,10.942316929715,25.8771092039897,0,26.1907278314318,0,"chi","un",33,1000,0.5,0,0,0,FALSE,0,FALSE,101,"leave-1",1000,0.5,1e+05,TRUE,98
10,0,0,0,10.9380505396065,10.9500233250926,25.8771092039897,0,25.8497403764162,0,"chi","un",33,1000,0.5,0,0,0,FALSE,0,FALSE,101,"leave-1",1000,0.5,1e+05,TRUE,98
10,0,0,0,10.9380505396065,10.9420591553995,25.8771092039897,0,25.9011215689265,0,"chi","un",33,1000,0.5,0,0,0,FALSE,0,FALSE,101,"leave-1",1000,0.5,1e+05,TRUE,98
10,0,0,0,10.9380505396065,10.9416444226169,25.8771092039897,0,25.8111879522989,0,"chi","un",33,1000,0.5,0,0,0,FALSE,0,FALSE,101,"leave-1",1000,0.5,1e+05,TRUE,98
10,0,0,0,10.9380505396065,10.9519564625661,25.8771092039897,0,25.8871520304354,0,"chi","un",33,1000,0.5,0,0,0,FALSE,0,FALSE,101,"leave-1",1000,0.5,1e+05,TRUE,98
10,0,0,0,10.9380505396065,10.9420766142804,25.8771092039897,0,25.9190783762946,0,"chi","un",33,1000,0.5,0,0,0,FALSE,0,FALSE,101,"leave-1",1000,0.5,1e+05,TRUE,98
10,0,0,0,10.9380505396065,10.9489063549757,25.8771092039897,0,25.861470278555,0,"chi","un",33,1000,0.5,0,0,0,FALSE,0,FALSE,101,"leave-1",1000,0.5,1e+05,TRUE,98
10,0,0,0,10.9380505396065,10.9483692579569,25.8771092039897,0,25.8843111314826,0,"chi","un",33,1000,0.5,0,0,0,FALSE,0,FALSE,101,"leave-1",1000,0.5,1e+05,TRUE,98
10,0,0,0,10.9380505396065,10.9465993579128,25.8771092039897,0,26.0205459911857,0,"chi","un",33,1000,0.5,0,0,0,FALSE,0,FALSE,101,"leave-1",1000,0.5,1e+05,TRUE,98
10,0,0,0,10.9380505396065,10.9550573350763,25.8771092039897,0,26.0212205835357,0,"chi","un",33,1000,0.5,0,0,0,FALSE,0,FALSE,101,"leave-1",1000,0.5,1e+05,TRUE,98
10,0,0,0,10.9380505396065,10.9380120150181,25.8771092039897,0,25.6838018274032,0,"chi","un",33,1000,0.5,0,0,0,FALSE,0,FALSE,101,"leave-1",1000,0.5,1e+05,TRUE,98
10,0,0,0,10.9380505396065,10.9527851723652,25.8771092039897,0,25.904606706123,0,"chi","un",33,1000,0.5,0,0,0,FALSE,0,FALSE,101,"leave-1",1000,0.5,1e+05,TRUE,98
10,0,0,0,10.9380505396065,10.9543918591306,25.8771092039897,0,25.9418345574205,0,"chi","un",33,1000,0.5,0,0,0,FALSE,0,FALSE,101,"leave-1",1000,0.5,1e+05,TRUE,98
10,0,0,0,10.9380505396065,10.9750860904164,25.8771092039897,0,26.059675866192,0,"chi","un",33,1000,0.5,0,0,0,FALSE,0,FALSE,101,"leave-1",1000,0.5,1e+05,TRUE,98
10,0,0,0,10.9380505396065,10.9068434089179,25.8771092039897,0,25.8294700713411,0,"chi","un",33,1000,0.5,0,0,0,FALSE,0,FALSE,101,"leave-1",1000,0.5,1e+05,TRUE,98
10,0,0,0,10.9380505396065,10.8998211438052,25.8771092039897,0,25.7244337002706,0,"chi","un",33,1000,0.5,0,0,0,FALSE,0,FALSE,101,"leave-1",1000,0.5,1e+05,TRUE,98
10,0,0,0,10.9380505396065,10.924614507322,25.8771092039897,0,25.7780048268284,0,"chi","un",33,1000,0.5,0,0,0,FALSE,0,FALSE,101,"leave-1",1000,0.5,1e+05,TRUE,98
10,0,0,0,10.9380505396065,10.9241646309637,25.8771092039897,0,25.8172536327226,0,"chi","un",33,1000,0.5,0,0,0,FALSE,0,FALSE,101,"leave-1",1000,0.5,1e+05,TRUE,98
10,0,0,0,10.9380505396065,10.9446656121794,25.8771092039897,0,25.9646116701318,0,"chi","un",33,1000,0.5,0,0,0,FALSE,0,FALSE,101,"leave-1",1000,0.5,1e+05,TRUE,98
10,0,0,0,10.9380505396065,10.9295707877851,25.8771092039897,0,25.8239382480915,0,"chi","un",33,1000,0.5,0,0,0,FALSE,0,FALSE,101,"leave-1",1000,0.5,1e+05,TRUE,98
10,0,0,0,10.9380505396065,10.956010450124,25.8771092039897,0,25.900921857156,0,"chi","un",33,1000,0.5,0,0,0,FALSE,0,FALSE,101,"leave-1",1000,0.5,1e+05,TRUE,98
10,0,0,0,10.9380505396065,10.9482276284339,25.8771092039897,0,25.8267768516508,0,"chi","un",33,1000,0.5,0,0,0,FALSE,0,FALSE,101,"leave-1",1000,0.5,1e+05,TRUE,98
10,0,0,0,10.9380505396065,10.9488314803128,25.8771092039897,0,25.8784306275415,0,"chi","un",33,1000,0.5,0,0,0,FALSE,0,FALSE,101,"leave-1",1000,0.5,1e+05,TRUE,98
10,0,0,0,10.9380505396065,10.9526590419656,25.8771092039897,0,25.9603296537151,0,"chi","un",33,1000,0.5,0,0,0,FALSE,0,FALSE,101,"leave-1",1000,0.5,1e+05,TRUE,98
10,0,0,0,10.9380505396065,10.9462247091552,25.8771092039897,0,25.8806766486851,0,"chi","un",33,1000,0.5,0,0,0,FALSE,0,FALSE,101,"leave-1",1000,0.5,1e+05,TRUE,98
10,0,0,0,10.9380505396065,10.9409175558014,25.8771092039897,0,25.8665369854711,0,"chi","un",33,1000,0.5,0,0,0,FALSE,0,FALSE,101,"leave-1",1000,0.5,1e+05,TRUE,98
10,0,0,0,10.9380505396065,10.9385780701715,25.8771092039897,0,25.8786298310811,0,"chi","un",33,1000,0.5,0,0,0,FALSE,0,FALSE,101,"leave-1",1000,0.5,1e+05,TRUE,98
10,0,0,0,10.9380505396065,10.9459730552372,25.8771092039897,0,25.8032073781026,0,"chi","un",33,1000,0.5,0,0,0,FALSE,0,FALSE,101,"leave-1",1000,0.5,1e+05,TRUE,98
10,0,0,0,10.9380505396065,10.9479329664096,25.8771092039897,0,25.8896692799008,0,"chi","un",33,1000,0.5,0,0,0,FALSE,0,FALSE,101,"leave-1",1000,0.5,1e+05,TRUE,98
10,0,0,0,10.9380505396065,10.9598953654306,25.8771092039897,0,25.558104979835,0,"chi","un",33,1000,0.5,0,0,0,FALSE,0,FALSE,101,"leave-1",1000,0.5,1e+05,TRUE,98
10,0,0,0,10.9380505396065,10.9618575673968,25.8771092039897,0,26.0054396489413,0,"chi","un",33,1000,0.5,0,0,0,FALSE,0,FALSE,101,"leave-1",1000,0.5,1e+05,TRUE,98
10,0,0,0,10.9380505396065,10.9434179223443,25.8771092039897,0,25.8957440709607,0,"chi","un",33,1000,0.5,0,0,0,FALSE,0,FALSE,101,"leave-1",1000,0.5,1e+05,TRUE,98
10,0,0,0,10.9380505396065,10.9495092393324,25.8771092039897,0,25.84496795872,0,"chi","un",33,1000,0.5,0,0,0,FALSE,0,FALSE,101,"leave-1",1000,0.5,1e+05,TRUE,98
10,0,0,0,10.9380505396065,10.9467004464838,25.8771092039897,0,25.9301957969993,0,"chi","un",33,1000,0.5,0,0,0,FALSE,0,FALSE,101,"leave-1",1000,0.5,1e+05,TRUE,98
10,0,0,0,10.9380505396065,10.9520966433496,25.8771092039897,0,25.8807098002616,0,"chi","un",33,1000,0.5,0,0,0,FALSE,0,FALSE,101,"leave-1",1000,0.5,1e+05,TRUE,98
10,0,0,0,10.9380505396065,10.9508936959936,25.8771092039897,0,25.8071091386337,0,"chi","un",33,1000,0.5,0,0,0,FALSE,0,FALSE,101,"leave-1",1000,0.5,1e+05,TRUE,98
10,0,0,0,10.9380505396065,10.9369245710627,25.8771092039897,0,25.849538200124,0,"chi","un",33,1000,0.5,0,0,0,FALSE,0,FALSE,101,"leave-1",1000,0.5,1e+05,TRUE,98
10,0,0,0,10.9380505396065,10.9534174785079,25.8771092039897,0,25.7698070311796,0,"chi","un",33,1000,0.5,0,0,0,FALSE,0,FALSE,101,"leave-1",1000,0.5,1e+05,TRUE,98
10,0,0,0,10.9380505396065,10.9124875771324,25.8771092039897,0,25.6782945247012,0,"chi","un",33,1000,0.5,0,0,0,FALSE,0,FALSE,101,"leave-1",1000,0.5,1e+05,TRUE,98
10,0,0,0,10.9380505396065,10.8684575733596,25.8771092039897,0,25.7655395327108,0,"chi","un",33,1000,0.5,0,0,0,FALSE,0,FALSE,101,"leave-1",1000,0.5,1e+05,TRUE,98
10,0,0,0,10.9380505396065,10.9495129658257,25.8771092039897,0,25.8911462872862,0,"chi","un",33,1000,0.5,0,0,0,FALSE,0,FALSE,101,"leave-1",1000,0.5,1e+05,TRUE,98
10,0,0,0,10.9380505396065,10.9430303527221,25.8771092039897,0,25.8723402468937,0,"chi","un",33,1000,0.5,0,0,0,FALSE,0,FALSE,101,"leave-1",1000,0.5,1e+05,TRUE,98
10,0,0,0,10.9380505396065,10.949913707593,25.8771092039897,0,25.8811395672549,0,"chi","un",33,1000,0.5,0,0,0,FALSE,0,FALSE,101,"leave-1",1000,0.5,1e+05,TRUE,98
10,0,0,0,10.9380505396065,10.9418374275989,25.8771092039897,0,25.8955099173197,0,"chi","un",33,1000,0.5,0,0,0,FALSE,0,FALSE,101,"leave-1",1000,0.5,1e+05,TRUE,98
10,0,0,0,10.9380505396065,10.8748249510486,25.8771092039897,0,25.8496552507634,0,"chi","un",33,1000,0.5,0,0,0,FALSE,0,FALSE,101,"leave-1",1000,0.5,1e+05,TRUE,98
10,0,0,0,10.9380505396065,10.9397507929524,25.8771092039897,0,25.9839665410492,0,"chi","un",33,1000,0.5,0,0,0,FALSE,0,FALSE,101,"leave-1",1000,0.5,1e+05,TRUE,98
10,0,0,0,10.9380505396065,10.9418881053999,25.8771092039897,0,25.8983807137392,0,"chi","un",33,1000,0.5,0,0,0,FALSE,0,FALSE,101,"leave-1",1000,0.5,1e+05,TRUE,98
10,0,0,0,10.9380505396065,10.9494869041203,25.8771092039897,0,25.873364188415,0,"chi","un",33,1000,0.5,0,0,0,FALSE,0,FALSE,101,"leave-1",1000,0.5,1e+05,TRUE,98
10,0,0,0,10.9380505396065,10.9039148335558,25.8771092039897,0,25.8328082161394,0,"chi","un",33,1000,0.5,0,0,0,FALSE,0,FALSE,101,"leave-1",1000,0.5,1e+05,TRUE,98
10,0,0,0,10.9380505396065,10.9021150222471,25.8771092039897,0,25.7937051677926,0,"chi","un",33,1000,0.5,0,0,0,FALSE,0,FALSE,101,"leave-1",1000,0.5,1e+05,TRUE,98
10,0,0,0,10.9380505396065,10.9473958546888,25.8771092039897,0,25.7828600073743,0,"chi","un",33,1000,0.5,0,0,0,FALSE,0,FALSE,101,"leave-1",1000,0.5,1e+05,TRUE,98
10,0,0,0,10.9380505396065,10.9038245924553,25.8771092039897,0,25.9602879567607,0,"chi","un",33,1000,0.5,0,0,0,FALSE,0,FALSE,101,"leave-1",1000,0.5,1e+05,TRUE,98
10,0,0,0,10.9380505396065,10.9316730603799,25.8771092039897,0,25.8969471622111,0,"chi","un",33,1000,0.5,0,0,0,FALSE,0,FALSE,101,"leave-1",1000,0.5,1e+05,TRUE,98
10,0,0,0,10.9380505396065,10.9415536362735,25.8771092039897,0,25.9048189079738,0,"chi","un",33,1000,0.5,0,0,0,FALSE,0,FALSE,101,"leave-1",1000,0.5,1e+05,TRUE,98
10,0,0,0,10.9380505396065,10.9626511732201,25.8771092039897,0,26.1917425508473,0,"chi","un",33,1000,0.5,0,0,0,FALSE,0,FALSE,101,"leave-1",1000,0.5,1e+05,TRUE,98
10,0,0,0,10.9380505396065,10.973236400586,25.8771092039897,0,25.9778115791933,0,"chi","un",33,1000,0.5,0,0,0,FALSE,0,FALSE,101,"leave-1",1000,0.5,1e+05,TRUE,98
10,0,0,0,10.9380505396065,10.937878041823,25.8771092039897,0,25.8572136084761,0,"chi","un",33,1000,0.5,0,0,0,FALSE,0,FALSE,101,"leave-1",1000,0.5,1e+05,TRUE,98
10,0,0,0,10.9380505396065,10.8940913402721,25.8771092039897,0,25.7704923629964,0,"chi","un",33,1000,0.5,0,0,0,FALSE,0,FALSE,101,"leave-1",1000,0.5,1e+05,TRUE,98
10,0,0,0,10.9380505396065,10.9394428715188,25.8771092039897,0,25.8469017495968,0,"chi","un",33,1000,0.5,0,0,0,FALSE,0,FALSE,101,"leave-1",1000,0.5,1e+05,TRUE,98
10,0,0,0,10.9380505396065,10.9509147258983,25.8771092039897,0,25.894131789537,0,"chi","un",33,1000,0.5,0,0,0,FALSE,0,FALSE,101,"leave-1",1000,0.5,1e+05,TRUE,98
10,0,0,0,10.9380505396065,10.8947191209917,25.8771092039897,0,25.7534744707849,0,"chi","un",33,1000,0.5,0,0,0,FALSE,0,FALSE,101,"leave-1",1000,0.5,1e+05,TRUE,98
10,0,0,0,10.9380505396065,10.9587106765654,25.8771092039897,0,25.9285239629879,0,"chi","un",33,1000,0.5,0,0,0,FALSE,0,FALSE,101,"leave-1",1000,0.5,1e+05,TRUE,98
10,0,0,0,10.9380505396065,10.940697150591,25.8771092039897,0,25.7850046970534,0,"chi","un",33,1000,0.5,0,0,0,FALSE,0,FALSE,101,"leave-1",1000,0.5,1e+05,TRUE,98
10,0,0,0,10.9380505396065,10.9306429655945,25.8771092039897,0,25.8820830522574,0,"chi","un",33,1000,0.5,0,0,0,FALSE,0,FALSE,101,"leave-1",1000,0.5,1e+05,TRUE,98
10,0,0,0,10.9380505396065,10.9180296333629,25.8771092039897,0,25.8464479819624,0,"chi","un",33,1000,0.5,0,0,0,FALSE,0,FALSE,101,"leave-1",1000,0.5,1e+05,TRUE,98
10,0,0,0,10.9380505396065,10.9182705500948,25.8771092039897,0,25.6308730149065,0,"chi","un",33,1000,0.5,0,0,0,FALSE,0,FALSE,101,"leave-1",1000,0.5,1e+05,TRUE,98
10,0,0,0,10.9380505396065,10.9458203048475,25.8771092039897,0,25.8868905591682,0,"chi","un",33,1000,0.5,0,0,0,FALSE,0,FALSE,101,"leave-1",1000,0.5,1e+05,TRUE,98
10,0,0,0,10.9380505396065,10.9442283180205,25.8771092039897,0,25.833085087351,0,"chi","un",33,1000,0.5,0,0,0,FALSE,0,FALSE,101,"leave-1",1000,0.5,1e+05,TRUE,98
10,0,0,0,10.9380505396065,10.9392071333589,25.8771092039897,0,25.9106340694088,0,"chi","un",33,1000,0.5,0,0,0,FALSE,0,FALSE,101,"leave-1",1000,0.5,1e+05,TRUE,98
10,0,0,0,10.9380505396065,10.9296593221781,25.8771092039897,0,25.5770460851013,0,"chi","un",33,1000,0.5,0,0,0,FALSE,0,FALSE,101,"leave-1",1000,0.5,1e+05,TRUE,98
10,0,0,0,10.9380505396065,10.9022124382098,25.8771092039897,0,25.746682837148,0,"chi","un",33,1000,0.5,0,0,0,FALSE,0,FALSE,101,"leave-1",1000,0.5,1e+05,TRUE,98
10,0,0,0,10.9380505396065,10.9528178968985,25.8771092039897,0,25.8579214798288,0,"chi","un",33,1000,0.5,0,0,0,FALSE,0,FALSE,101,"leave-1",1000,0.5,1e+05,TRUE,98
10,0,0,0,10.9380505396065,10.9320191819947,25.8771092039897,0,25.6996026415859,0,"chi","un",33,1000,0.5,0,0,0,FALSE,0,FALSE,101,"leave-1",1000,0.5,1e+05,TRUE,98
10,0,0,0,10.9380505396065,10.9553018649335,25.8771092039897,0,25.9678889221109,0,"chi","un",33,1000,0.5,0,0,0,FALSE,0,FALSE,101,"leave-1",1000,0.5,1e+05,TRUE,98
10,0,0,0,10.9380505396065,10.948000532732,25.8771092039897,0,25.9219397444914,0,"chi","un",33,1000,0.5,0,0,0,FALSE,0,FALSE,101,"leave-1",1000,0.5,1e+05,TRUE,98
10,0,0,0,10.9380505396065,10.7895054193,25.8771092039897,0,25.6365824457509,0,"chi","un",33,1000,0.5,0,0,0,FALSE,0,FALSE,101,"leave-1",1000,0.5,1e+05,TRUE,98
10,0,0,0,10.9380505396065,10.9512491943459,25.8771092039897,0,25.9004608708007,0,"chi","un",33,1000,0.5,0,0,0,FALSE,0,FALSE,101,"leave-1",1000,0.5,1e+05,TRUE,98
10,0,0,0,10.9380505396065,10.9519069138068,25.8771092039897,0,25.972175672932,0,"chi","un",33,1000,0.5,0,0,0,FALSE,0,FALSE,101,"leave-1",1000,0.5,1e+05,TRUE,98
10,0,0,0,10.9380505396065,10.938564048571,25.8771092039897,0,25.8902864138197,0,"chi","un",33,1000,0.5,0,0,0,FALSE,0,FALSE,101,"leave-1",1000,0.5,1e+05,TRUE,98
10,0,0,0,10.9380505396065,10.9155144006157,25.8771092039897,0,25.8845651484677,0,"chi","un",33,1000,0.5,0,0,0,FALSE,0,FALSE,101,"leave-1",1000,0.5,1e+05,TRUE,98
10,0,0,0,10.9380505396065,10.9361689504325,25.8771092039897,0,26.0729611273363,0,"chi","un",33,1000,0.5,0,0,0,FALSE,0,FALSE,101,"leave-1",1000,0.5,1e+05,TRUE,98
10,0,0,0,10.9380505396065,10.9467431353774,25.8771092039897,0,25.8851545708763,0,"chi","un",33,1000,0.5,0,0,0,FALSE,0,FALSE,101,"leave-1",1000,0.5,1e+05,TRUE,98
10,0,0,0,10.9380505396065,10.9423357057369,25.8771092039897,0,25.8358649896874,0,"chi","un",33,1000,0.5,0,0,0,FALSE,0,FALSE,101,"leave-1",1000,0.5,1e+05,TRUE,98
10,0,0,0,10.9380505396065,10.950992982485,25.8771092039897,0,25.9082777767054,0,"chi","un",33,1000,0.5,0,0,0,FALSE,0,FALSE,101,"leave-1",1000,0.5,1e+05,TRUE,98
10,0,0,0,10.9380505396065,10.9448268826425,25.8771092039897,0,25.887442122412,0,"chi","un",33,1000,0.5,0,0,0,FALSE,0,FALSE,101,"leave-1",1000,0.5,1e+05,TRUE,98
10,0,0,0,10.9380505396065,10.9620898277309,25.8771092039897,0,26.03142046744,0,"chi","un",33,1000,0.5,0,0,0,FALSE,0,FALSE,101,"leave-1",1000,0.5,1e+05,TRUE,98
10,0,0,0,10.9380505396065,10.939035022845,25.8771092039897,0,25.8902539881001,0,"chi","un",33,1000,0.5,0,0,0,FALSE,0,FALSE,101,"leave-1",1000,0.5,1e+05,TRUE,98
10,0,0,0,10.9380505396065,10.9652964817458,25.8771092039897,0,26.0027096203334,0,"chi","un",33,1000,0.5,0,0,0,FALSE,0,FALSE,101,"leave-1",1000,0.5,1e+05,TRUE,98
10,0,0,0,10.9380505396065,10.9504114196752,25.8771092039897,0,25.8757469024469,0,"chi","un",33,1000,0.5,0,0,0,FALSE,0,FALSE,101,"leave-1",1000,0.5,1e+05,TRUE,98
10,0,0,0,10.9380505396065,10.9474799710754,25.8771092039897,0,25.7442136591469,0,"chi","un",33,1000,0.5,0,0,0,FALSE,0,FALSE,101,"leave-1",1000,0.5,1e+05,TRUE,98
10,0,0,0,10.9380505396065,10.9344080498387,25.8771092039897,0,25.8812207469818,0,"chi","un",33,1000,0.5,0,0,0,FALSE,0,FALSE,101,"leave-1",1000,0.5,1e+05,TRUE,98
10,0,0,0,10.9380505396065,10.9528001308011,25.8771092039897,0,25.6926606768757,0,"chi","un",33,1000,0.5,0,0,0,FALSE,0,FALSE,101,"leave-1",1000,0.5,1e+05,TRUE,98
10,0,0,0,10.9380505396065,10.9516159000517,25.8771092039897,0,25.9089105331224,0,"chi","un",33,1000,0.5,0,0,0,FALSE,0,FALSE,101,"leave-1",1000,0.5,1e+05,TRUE,98
10,0,0,0,10.9380505396065,10.9396206353086,25.8771092039897,0,25.884395642118,0,"chi","un",33,1000,0.5,0,0,0,FALSE,0,FALSE,101,"leave-1",1000,0.5,1e+05,TRUE,98
10,0,0,0,10.9380505396065,10.8192177711091,25.8771092039897,0,25.6999990560955,0,"chi","un",33,1000,0.5,0,0,0,FALSE,0,FALSE,101,"leave-1",1000,0.5,1e+05,TRUE,98
10,0,0,0,10.9380505396065,10.9565676108321,25.8771092039897,0,25.8343833759109,0,"chi","un",33,1000,0.5,0,0,0,FALSE,0,FALSE,101,"leave-1",1000,0.5,1e+05,TRUE,98
10,0,0,0,10.9380505396065,10.946455718962,25.8771092039897,0,25.8781481944032,0,"chi","un",33,1000,0.5,0,0,0,FALSE,0,FALSE,101,"leave-1",1000,0.5,1e+05,TRUE,98
10,0,0,0,10.9380505396065,10.9577229083519,25.8771092039897,0,25.978882241427,0,"chi","un",33,1000,0.5,0,0,0,FALSE,0,FALSE,101,"leave-1",1000,0.5,1e+05,TRUE,98
10,0,0,0,10.9380505396065,10.9532820520933,25.8771092039897,0,25.9807472724782,0,"chi","un",33,1000,0.5,0,0,0,FALSE,0,FALSE,101,"leave-1",1000,0.5,1e+05,TRUE,98
10,0,0,0,10.9380505396065,10.9651061697325,25.8771092039897,0,25.8093928453072,0,"chi","un",33,1000,0.5,0,0,0,FALSE,0,FALSE,101,"leave-1",1000,0.5,1e+05,TRUE,98
10,0,0,0,10.9380505396065,10.9480343629467,25.8771092039897,0,25.8965269472954,0,"chi","un",33,1000,0.5,0,0,0,FALSE,0,FALSE,101,"leave-1",1000,0.5,1e+05,TRUE,98
10,0,0,0,10.9380505396065,10.9572591357566,25.8771092039897,0,25.9043213612015,0,"chi","un",33,1000,0.5,0,0,0,FALSE,0,FALSE,101,"leave-1",1000,0.5,1e+05,TRUE,98
10,0,0,0,10.9380505396065,10.9366572592782,25.8771092039897,0,25.8059358817656,0,"chi","un",33,1000,0.5,0,0,0,FALSE,0,FALSE,101,"leave-1",1000,0.5,1e+05,TRUE,98
10,0,0,0,10.9380505396065,10.939653660554,25.8771092039897,0,25.9150085079579,0,"chi","un",33,1000,0.5,0,0,0,FALSE,0,FALSE,101,"leave-1",1000,0.5,1e+05,TRUE,98
10,0,0,0,10.9380505396065,10.9538560878789,25.8771092039897,0,25.8553325987901,0,"chi","un",33,1000,0.5,0,0,0,FALSE,0,FALSE,101,"leave-1",1000,0.5,1e+05,TRUE,98
10,0,0,0,10.9380505396065,10.9332527182295,25.8771092039897,0,25.7823115692703,0,"chi","un",33,1000,0.5,0,0,0,FALSE,0,FALSE,101,"leave-1",1000,0.5,1e+05,TRUE,98
10,0,0,0,10.9380505396065,10.9443477614584,25.8771092039897,0,25.8711509548212,0,"chi","un",33,1000,0.5,0,0,0,FALSE,0,FALSE,101,"leave-1",1000,0.5,1e+05,TRUE,98
10,0,0,0,10.9380505396065,10.9487474308201,25.8771092039897,0,25.881266533336,0,"chi","un",33,1000,0.5,0,0,0,FALSE,0,FALSE,101,"leave-1",1000,0.5,1e+05,TRUE,98
10,0,0,0,10.9380505396065,10.9575267843944,25.8771092039897,0,25.972154024848,0,"chi","un",33,1000,0.5,0,0,0,FALSE,0,FALSE,101,"leave-1",1000,0.5,1e+05,TRUE,98
10,0,0,0,10.9380505396065,10.9279314756162,25.8771092039897,0,25.8567698049393,0,"chi","un",33,1000,0.5,0,0,0,FALSE,0,FALSE,101,"leave-1",1000,0.5,1e+05,TRUE,98
10,0,0,0,10.9380505396065,10.9714153905986,25.8771092039897,0,26.1126925164583,0,"chi","un",33,1000,0.5,0,0,0,FALSE,0,FALSE,101,"leave-1",1000,0.5,1e+05,TRUE,98
10,0,0,0,10.9380505396065,10.9455494139746,25.8771092039897,0,25.9288932031764,0,"chi","un",33,1000,0.5,0,0,0,FALSE,0,FALSE,101,"leave-1",1000,0.5,1e+05,TRUE,98
10,0,0,0,10.9380505396065,10.9619760623082,25.8771092039897,0,25.9858207005912,0,"chi","un",33,1000,0.5,0,0,0,FALSE,0,FALSE,101,"leave-1",1000,0.5,1e+05,TRUE,98
10,0,0,0,10.9380505396065,10.9298090446984,25.8771092039897,0,25.8303461877438,0,"chi","un",33,1000,0.5,0,0,0,FALSE,0,FALSE,101,"leave-1",1000,0.5,1e+05,TRUE,98
10,0,0,0,10.9380505396065,10.946438079438,25.8771092039897,0,25.895064712888,0,"chi","un",33,1000,0.5,0,0,0,FALSE,0,FALSE,101,"leave-1",1000,0.5,1e+05,TRUE,98
10,0,0,0,10.9380505396065,10.9362294293423,25.8771092039897,0,25.8999219815962,0,"chi","un",33,1000,0.5,0,0,0,FALSE,0,FALSE,101,"leave-1",1000,0.5,1e+05,TRUE,98
10,0,0,0,10.9380505396065,10.9207524566516,25.8771092039897,0,25.8185453964272,0,"chi","un",33,1000,0.5,0,0,0,FALSE,0,FALSE,101,"leave-1",1000,0.5,1e+05,TRUE,98
10,0,0,0,10.9380505396065,10.9420088174782,25.8771092039897,0,25.8640948620536,0,"chi","un",33,1000,0.5,0,0,0,FALSE,0,FALSE,101,"leave-1",1000,0.5,1e+05,TRUE,98
10,0,0,0,10.9380505396065,10.9698188559239,25.8771092039897,0,26.1073506930359,0,"chi","un",33,1000,0.5,0,0,0,FALSE,0,FALSE,101,"leave-1",1000,0.5,1e+05,TRUE,98
10,0,0,0,10.9380505396065,10.9300005947984,25.8771092039897,0,25.6941830931542,0,"chi","un",33,1000,0.5,0,0,0,FALSE,0,FALSE,101,"leave-1",1000,0.5,1e+05,TRUE,98
10,0,0,0,10.9380505396065,10.9589824209316,25.8771092039897,0,25.8688294013244,0,"chi","un",33,1000,0.5,0,0,0,FALSE,0,FALSE,101,"leave-1",1000,0.5,1e+05,TRUE,98
10,0,0,0,10.9380505396065,10.937754265713,25.8771092039897,0,25.8778719631781,0,"chi","un",33,1000,0.5,0,0,0,FALSE,0,FALSE,101,"leave-1",1000,0.5,1e+05,TRUE,98
10,0,0,0,10.9380505396065,11.0141898056657,25.8771092039897,0,26.4791632023012,0,"chi","un",33,1000,0.5,0,0,0,FALSE,0,FALSE,101,"leave-1",1000,0.5,1e+05,TRUE,98
10,0,0,0,10.9380505396065,10.942461829826,25.8771092039897,0,25.8838083737039,0,"chi","un",33,1000,0.5,0,0,0,FALSE,0,FALSE,101,"leave-1",1000,0.5,1e+05,TRUE,98
10,0,0,0,10.9380505396065,10.9314803152173,25.8771092039897,0,25.782482549677,0,"chi","un",33,1000,0.5,0,0,0,FALSE,0,FALSE,101,"leave-1",1000,0.5,1e+05,TRUE,98
10,0,0,0,10.9380505396065,10.959216743845,25.8771092039897,0,25.836432534358,0,"chi","un",33,1000,0.5,0,0,0,FALSE,0,FALSE,101,"leave-1",1000,0.5,1e+05,TRUE,98
10,0,0,0,10.9380505396065,10.9094958829815,25.8771092039897,0,25.7818822177575,0,"chi","un",33,1000,0.5,0,0,0,FALSE,0,FALSE,101,"leave-1",1000,0.5,1e+05,TRUE,98
10,0,0,0,10.9380505396065,10.9306255503867,25.8771092039897,0,25.8821551465483,0,"chi","un",33,1000,0.5,0,0,0,FALSE,0,FALSE,101,"leave-1",1000,0.5,1e+05,TRUE,98
10,0,0,0,10.9380505396065,10.9463093874278,25.8771092039897,0,25.8898523907691,0,"chi","un",33,1000,0.5,0,0,0,FALSE,0,FALSE,101,"leave-1",1000,0.5,1e+05,TRUE,98
10,0,0,0,10.9380505396065,10.893453800845,25.8771092039897,0,25.5978345784015,0,"chi","un",33,1000,0.5,0,0,0,FALSE,0,FALSE,101,"leave-1",1000,0.5,1e+05,TRUE,98
10,0,0,0,10.9380505396065,10.9491849730682,25.8771092039897,0,25.8590296788097,0,"chi","un",33,1000,0.5,0,0,0,FALSE,0,FALSE,101,"leave-1",1000,0.5,1e+05,TRUE,98
10,0,0,0,10.9380505396065,10.94800789045,25.8771092039897,0,25.8883608548145,0,"chi","un",33,1000,0.5,0,0,0,FALSE,0,FALSE,101,"leave-1",1000,0.5,1e+05,TRUE,98
10,0,0,0,10.9380505396065,10.9377902097652,25.8771092039897,0,25.8855654054901,0,"chi","un",33,1000,0.5,0,0,0,FALSE,0,FALSE,101,"leave-1",1000,0.5,1e+05,TRUE,98
10,0,0,0,10.9380505396065,10.9472943499059,25.8771092039897,0,25.8931580455108,0,"chi","un",33,1000,0.5,0,0,0,FALSE,0,FALSE,101,"leave-1",1000,0.5,1e+05,TRUE,98
10,0,0,0,10.9380505396065,10.9256381754911,25.8771092039897,0,25.9191951249679,0,"chi","un",33,1000,0.5,0,0,0,FALSE,0,FALSE,101,"leave-1",1000,0.5,1e+05,TRUE,98
10,0,0,0,10.9380505396065,10.9499662206444,25.8771092039897,0,25.8622010095462,0,"chi","un",33,1000,0.5,0,0,0,FALSE,0,FALSE,101,"leave-1",1000,0.5,1e+05,TRUE,98
10,0,0,0,10.9380505396065,10.9523646306281,25.8771092039897,0,25.8710014378155,0,"chi","un",33,1000,0.5,0,0,0,FALSE,0,FALSE,101,"leave-1",1000,0.5,1e+05,TRUE,98
10,0,0,0,10.9380505396065,10.9602013184134,25.8771092039897,0,25.9386443770385,0,"chi","un",33,1000,0.5,0,0,0,FALSE,0,FALSE,101,"leave-1",1000,0.5,1e+05,TRUE,98
10,0,0,0,10.9380505396065,10.9480009914184,25.8771092039897,0,25.8324964149689,0,"chi","un",33,1000,0.5,0,0,0,FALSE,0,FALSE,101,"leave-1",1000,0.5,1e+05,TRUE,98
10,0,0,0,10.9380505396065,10.9609851962231,25.8771092039897,0,25.8502868852731,0,"chi","un",33,1000,0.5,0,0,0,FALSE,0,FALSE,101,"leave-1",1000,0.5,1e+05,TRUE,98
10,0,0,0,10.9380505396065,10.9488347240691,25.8771092039897,0,25.964511381943,0,"chi","un",33,1000,0.5,0,0,0,FALSE,0,FALSE,101,"leave-1",1000,0.5,1e+05,TRUE,98
10,0,0,0,10.9380505396065,10.9520434309674,25.8771092039897,0,25.5941734747233,0,"chi","un",33,1000,0.5,0,0,0,FALSE,0,FALSE,101,"leave-1",1000,0.5,1e+05,TRUE,98
10,0,0,0,10.9380505396065,10.9538781473451,25.8771092039897,0,25.949572841996,0,"chi","un",33,1000,0.5,0,0,0,FALSE,0,FALSE,101,"leave-1",1000,0.5,1e+05,TRUE,98
10,0,0,0,10.9380505396065,10.9333078837364,25.8771092039897,0,25.855937209621,0,"chi","un",33,1000,0.5,0,0,0,FALSE,0,FALSE,101,"leave-1",1000,0.5,1e+05,TRUE,98
10,0,0,0,10.9380505396065,10.9498164728905,25.8771092039897,0,25.9709325707064,0,"chi","un",33,1000,0.5,0,0,0,FALSE,0,FALSE,101,"leave-1",1000,0.5,1e+05,TRUE,98
10,0,0,0,10.9380505396065,10.948792120387,25.8771092039897,0,25.8158988086298,0,"chi","un",33,1000,0.5,0,0,0,FALSE,0,FALSE,101,"leave-1",1000,0.5,1e+05,TRUE,98
10,0,0,0,10.9380505396065,10.9507340856106,25.8771092039897,0,25.8910134672351,0,"chi","un",33,1000,0.5,0,0,0,FALSE,0,FALSE,101,"leave-1",1000,0.5,1e+05,TRUE,98
10,0,0,0,10.9380505396065,10.9606041332907,25.8771092039897,0,26.0244906982898,0,"chi","un",33,1000,0.5,0,0,0,FALSE,0,FALSE,101,"leave-1",1000,0.5,1e+05,TRUE,98
10,0,0,0,10.9380505396065,10.9575597506014,25.8771092039897,0,25.8941779296096,0,"chi","un",33,1000,0.5,0,0,0,FALSE,0,FALSE,101,"leave-1",1000,0.5,1e+05,TRUE,98
10,0,0,0,10.9380505396065,10.9360969529899,25.8771092039897,0,25.8172106958889,0,"chi","un",33,1000,0.5,0,0,0,FALSE,0,FALSE,101,"leave-1",1000,0.5,1e+05,TRUE,98
10,0,0,0,10.9380505396065,10.9508563786856,25.8771092039897,0,25.8996734482338,0,"chi","un",33,1000,0.5,0,0,0,FALSE,0,FALSE,101,"leave-1",1000,0.5,1e+05,TRUE,98
10,0,0,0,10.9380505396065,10.8910138125093,25.8771092039897,0,25.8355577988633,0,"chi","un",33,1000,0.5,0,0,0,FALSE,0,FALSE,101,"leave-1",1000,0.5,1e+05,TRUE,98
10,0,0,0,10.9380505396065,10.9482349700075,25.8771092039897,0,25.878001901307,0,"chi","un",33,1000,0.5,0,0,0,FALSE,0,FALSE,101,"leave-1",1000,0.5,1e+05,TRUE,98
10,0,0,0,10.9380505396065,10.9394852314351,25.8771092039897,0,25.8850669462268,0,"chi","un",33,1000,0.5,0,0,0,FALSE,0,FALSE,101,"leave-1",1000,0.5,1e+05,TRUE,98
10,0,0,0,10.9380505396065,10.9562033760145,25.8771092039897,0,25.9965738241177,0,"chi","un",33,1000,0.5,0,0,0,FALSE,0,FALSE,101,"leave-1",1000,0.5,1e+05,TRUE,98
10,0,0,0,10.9380505396065,10.9457343153748,25.8771092039897,0,25.8155639937922,0,"chi","un",33,1000,0.5,0,0,0,FALSE,0,FALSE,101,"leave-1",1000,0.5,1e+05,TRUE,98
10,0,0,0,10.9380505396065,10.9166222365378,25.8771092039897,0,25.9143135016491,0,"chi","un",33,1000,0.5,0,0,0,FALSE,0,FALSE,101,"leave-1",1000,0.5,1e+05,TRUE,98
10,0,0,0,10.9380505396065,10.9271094950632,25.8771092039897,0,25.9106355777614,0,"chi","un",33,1000,0.5,0,0,0,FALSE,0,FALSE,101,"leave-1",1000,0.5,1e+05,TRUE,98
10,0,0,0,10.9380505396065,10.9433090801626,25.8771092039897,0,25.8021135690767,0,"chi","un",33,1000,0.5,0,0,0,FALSE,0,FALSE,101,"leave-1",1000,0.5,1e+05,TRUE,98
10,0,0,0,10.9380505396065,10.9468151382683,25.8771092039897,0,25.9484379410509,0,"chi","un",33,1000,0.5,0,0,0,FALSE,0,FALSE,101,"leave-1",1000,0.5,1e+05,TRUE,98
10,0,0,0,10.9380505396065,10.9412902849601,25.8771092039897,0,25.8800758014008,0,"chi","un",33,1000,0.5,0,0,0,FALSE,0,FALSE,101,"leave-1",1000,0.5,1e+05,TRUE,98
10,0,0,0,10.9380505396065,10.9353325141264,25.8771092039897,0,25.8084936991904,0,"chi","un",33,1000,0.5,0,0,0,FALSE,0,FALSE,101,"leave-1",1000,0.5,1e+05,TRUE,98
10,0,0,0,10.9380505396065,10.9424427303209,25.8771092039897,0,25.9557269573352,0,"chi","un",33,1000,0.5,0,0,0,FALSE,0,FALSE,101,"leave-1",1000,0.5,1e+05,TRUE,98
10,0,0,0,10.9380505396065,10.9478812949907,25.8771092039897,0,25.8920154389405,0,"chi","un",33,1000,0.5,0,0,0,FALSE,0,FALSE,101,"leave-1",1000,0.5,1e+05,TRUE,98
10,0,0,0,10.9380505396065,10.8326641190374,25.8771092039897,0,25.7302012983813,0,"chi","un",33,1000,0.5,0,0,0,FALSE,0,FALSE,101,"leave-1",1000,0.5,1e+05,TRUE,98
10,0,0,0,10.9380505396065,10.9596549571164,25.8771092039897,0,25.8738276265729,0,"chi","un",33,1000,0.5,0,0,0,FALSE,0,FALSE,101,"leave-1",1000,0.5,1e+05,TRUE,98
10,0,0,0,10.9380505396065,10.9579357395606,25.8771092039897,0,25.8932167051491,0,"chi","un",33,1000,0.5,0,0,0,FALSE,0,FALSE,101,"leave-1",1000,0.5,1e+05,TRUE,98
10,0,0,0,10.9380505396065,10.9326854294652,25.8771092039897,0,25.8934747539917,0,"chi","un",33,1000,0.5,0,0,0,FALSE,0,FALSE,101,"leave-1",1000,0.5,1e+05,TRUE,98
10,0,0,0,10.9380505396065,10.9493927357339,25.8771092039897,0,25.9308817134888,0,"chi","un",33,1000,0.5,0,0,0,FALSE,0,FALSE,101,"leave-1",1000,0.5,1e+05,TRUE,98
10,0,0,0,10.9380505396065,10.9551226758345,25.8771092039897,0,25.8726846464347,0,"chi","un",33,1000,0.5,0,0,0,FALSE,0,FALSE,101,"leave-1",1000,0.5,1e+05,TRUE,98
10,0,0,0,10.9380505396065,10.9432896098514,25.8771092039897,0,25.8927409017968,0,"chi","un",33,1000,0.5,0,0,0,FALSE,0,FALSE,101,"leave-1",1000,0.5,1e+05,TRUE,98
10,0,0,0,10.9380505396065,10.8381367081214,25.8771092039897,0,25.4665947831743,0,"chi","un",33,1000,0.5,0,0,0,FALSE,0,FALSE,101,"leave-1",1000,0.5,1e+05,TRUE,98
10,0,0,0,10.9380505396065,10.9694663291964,25.8771092039897,0,26.0589070902477,0,"chi","un",33,1000,0.5,0,0,0,FALSE,0,FALSE,101,"leave-1",1000,0.5,1e+05,TRUE,98
10,0,0,0,10.9380505396065,10.9498044283609,25.8771092039897,0,25.8228858131471,0,"chi","un",33,1000,0.5,0,0,0,FALSE,0,FALSE,101,"leave-1",1000,0.5,1e+05,TRUE,98
10,0,0,0,10.9380505396065,10.9489944829686,25.8771092039897,0,26.0660023324298,0,"chi","un",33,1000,0.5,0,0,0,FALSE,0,FALSE,101,"leave-1",1000,0.5,1e+05,TRUE,98
10,0,0,0,10.9380505396065,10.9634613830122,25.8771092039897,0,25.963297020846,0,"chi","un",33,1000,0.5,0,0,0,FALSE,0,FALSE,101,"leave-1",1000,0.5,1e+05,TRUE,98
10,0,0,0,10.9380505396065,10.9619917190701,25.8771092039897,0,25.9482018404833,0,"chi","un",33,1000,0.5,0,0,0,FALSE,0,FALSE,101,"leave-1",1000,0.5,1e+05,TRUE,98
10,0,0,0,10.9380505396065,10.9299721792869,25.8771092039897,0,25.9336619731103,0,"chi","un",33,1000,0.5,0,0,0,FALSE,0,FALSE,101,"leave-1",1000,0.5,1e+05,TRUE,98
10,0,0,0,10.9380505396065,10.9553290043118,25.8771092039897,0,25.9336766883611,0,"chi","un",33,1000,0.5,0,0,0,FALSE,0,FALSE,101,"leave-1",1000,0.5,1e+05,TRUE,98
10,0,0,0,10.9380505396065,10.9637865832221,25.8771092039897,0,25.871132518165,0,"chi","un",33,1000,0.5,0,0,0,FALSE,0,FALSE,101,"leave-1",1000,0.5,1e+05,TRUE,98
10,0,0,0,10.9380505396065,10.9438225825762,25.8771092039897,0,25.9026954526144,0,"chi","un",33,1000,0.5,0,0,0,FALSE,0,FALSE,101,"leave-1",1000,0.5,1e+05,TRUE,98
10,0,0,0,10.9380505396065,10.945441524497,25.8771092039897,0,25.9049651659993,0,"chi","un",33,1000,0.5,0,0,0,FALSE,0,FALSE,101,"leave-1",1000,0.5,1e+05,TRUE,98
10,0,0,0,10.9380505396065,10.9583533977902,25.8771092039897,0,25.9452008065663,0,"chi","un",33,1000,0.5,0,0,0,FALSE,0,FALSE,101,"leave-1",1000,0.5,1e+05,TRUE,98
10,0,0,0,10.9380505396065,10.9528810353593,25.8771092039897,0,25.6964283851615,0,"chi","un",33,1000,0.5,0,0,0,FALSE,0,FALSE,101,"leave-1",1000,0.5,1e+05,TRUE,98
10,0,0,0,10.9380505396065,10.911064835659,25.8771092039897,0,25.5636288639762,0,"chi","un",33,1000,0.5,0,0,0,FALSE,0,FALSE,101,"leave-1",1000,0.5,1e+05,TRUE,98
10,0,0,0,10.9380505396065,10.9572611996537,25.8771092039897,0,25.9452273881368,0,"chi","un",33,1000,0.5,0,0,0,FALSE,0,FALSE,101,"leave-1",1000,0.5,1e+05,TRUE,98
10,0,0,0,10.9380505396065,10.9552596297786,25.8771092039897,0,25.9028023187996,0,"chi","un",33,1000,0.5,0,0,0,FALSE,0,FALSE,101,"leave-1",1000,0.5,1e+05,TRUE,98
10,0,0,0,10.9380505396065,10.9660152930071,25.8771092039897,0,25.8834292641741,0,"chi","un",33,1000,0.5,0,0,0,FALSE,0,FALSE,101,"leave-1",1000,0.5,1e+05,TRUE,98
10,0,0,0,10.9380505396065,10.9397776516521,25.8771092039897,0,25.8347851754544,0,"chi","un",33,1000,0.5,0,0,0,FALSE,0,FALSE,101,"leave-1",1000,0.5,1e+05,TRUE,98
10,0,0,0,10.9380505396065,10.9371030118272,25.8771092039897,0,25.8712781434332,0,"chi","un",33,1000,0.5,0,0,0,FALSE,0,FALSE,101,"leave-1",1000,0.5,1e+05,TRUE,98
10,0,0,0,10.9380505396065,10.9479970348203,25.8771092039897,0,25.8626428255879,0,"chi","un",33,1000,0.5,0,0,0,FALSE,0,FALSE,101,"leave-1",1000,0.5,1e+05,TRUE,98
10,0,0,0,10.9380505396065,10.9332784549009,25.8771092039897,0,25.8530909391664,0,"chi","un",33,1000,0.5,0,0,0,FALSE,0,FALSE,101,"leave-1",1000,0.5,1e+05,TRUE,98
10,0,0,0,10.9380505396065,10.9429967125621,25.8771092039897,0,25.9781909951188,0,"chi","un",33,1000,0.5,0,0,0,FALSE,0,FALSE,101,"leave-1",1000,0.5,1e+05,TRUE,98
10,0,0,0,10.9380505396065,10.9411432175361,25.8771092039897,0,25.8696393316502,0,"chi","un",33,1000,0.5,0,0,0,FALSE,0,FALSE,101,"leave-1",1000,0.5,1e+05,TRUE,98
10,0,0,0,10.9380505396065,10.9368549288281,25.8771092039897,0,25.7212220743813,0,"chi","un",33,1000,0.5,0,0,0,FALSE,0,FALSE,101,"leave-1",1000,0.5,1e+05,TRUE,98
10,0,0,0,10.9380505396065,10.9344965305949,25.8771092039897,0,25.8836302324247,0,"chi","un",33,1000,0.5,0,0,0,FALSE,0,FALSE,101,"leave-1",1000,0.5,1e+05,TRUE,98
10,0,0,0,10.9380505396065,10.7063021996909,25.8771092039897,0,25.9212734057255,0,"chi","un",33,1000,0.5,0,0,0,FALSE,0,FALSE,101,"leave-1",1000,0.5,1e+05,TRUE,98
10,0,0,0,10.9380505396065,10.9508909471858,25.8771092039897,0,25.9399383450621,0,"chi","un",33,1000,0.5,0,0,0,FALSE,0,FALSE,101,"leave-1",1000,0.5,1e+05,TRUE,98
10,0,0,0,10.9380505396065,10.9622296727192,25.8771092039897,0,25.9886318054595,0,"chi","un",33,1000,0.5,0,0,0,FALSE,0,FALSE,101,"leave-1",1000,0.5,1e+05,TRUE,98
10,0,0,0,10.9380505396065,10.9590379754344,25.8771092039897,0,26.0061967609074,0,"chi","un",33,1000,0.5,0,0,0,FALSE,0,FALSE,101,"leave-1",1000,0.5,1e+05,TRUE,98
10,0,0,0,10.9380505396065,10.9532520103682,25.8771092039897,0,25.9079345364021,0,"chi","un",33,1000,0.5,0,0,0,FALSE,0,FALSE,101,"leave-1",1000,0.5,1e+05,TRUE,98
10,0,0,0,10.9380505396065,10.9513118252907,25.8771092039897,0,25.9083388069779,0,"chi","un",33,1000,0.5,0,0,0,FALSE,0,FALSE,101,"leave-1",1000,0.5,1e+05,TRUE,98
10,0,0,0,10.9380505396065,10.9329737904591,25.8771092039897,0,25.8695704013037,0,"chi","un",33,1000,0.5,0,0,0,FALSE,0,FALSE,101,"leave-1",1000,0.5,1e+05,TRUE,98
10,0,0,0,10.9380505396065,10.9490762891099,25.8771092039897,0,25.9335472845868,0,"chi","un",33,1000,0.5,0,0,0,FALSE,0,FALSE,101,"leave-1",1000,0.5,1e+05,TRUE,98
10,0,0,0,10.9380505396065,10.9036231100483,25.8771092039897,0,25.7801594569701,0,"chi","un",33,1000,0.5,0,0,0,FALSE,0,FALSE,101,"leave-1",1000,0.5,1e+05,TRUE,98
10,0,0,0,10.9380505396065,10.9445909942179,25.8771092039897,0,25.929679040461,0,"chi","un",33,1000,0.5,0,0,0,FALSE,0,FALSE,101,"leave-1",1000,0.5,1e+05,TRUE,98
10,0,0,0,10.9380505396065,10.9514826163108,25.8771092039897,0,25.8857689881896,0,"chi","un",33,1000,0.5,0,0,0,FALSE,0,FALSE,101,"leave-1",1000,0.5,1e+05,TRUE,98
10,0,0,0,10.9380505396065,10.9367651664442,25.8771092039897,0,25.802528046769,0,"chi","un",33,1000,0.5,0,0,0,FALSE,0,FALSE,101,"leave-1",1000,0.5,1e+05,TRUE,98
10,0,0,0,10.9380505396065,10.9489696765901,25.8771092039897,0,25.8871668494321,0,"chi","un",33,1000,0.5,0,0,0,FALSE,0,FALSE,101,"leave-1",1000,0.5,1e+05,TRUE,98
10,0,0,0,10.9380505396065,10.9502070537965,25.8771092039897,0,25.9045915807676,0,"chi","un",33,1000,0.5,0,0,0,FALSE,0,FALSE,101,"leave-1",1000,0.5,1e+05,TRUE,98
10,0,0,0,10.9380505396065,10.9547180001848,25.8771092039897,0,26.1354228523933,0,"chi","un",33,1000,0.5,0,0,0,FALSE,0,FALSE,101,"leave-1",1000,0.5,1e+05,TRUE,98
10,0,0,0,10.9380505396065,10.9618992223815,25.8771092039897,0,25.9213512803565,0,"chi","un",33,1000,0.5,0,0,0,FALSE,0,FALSE,101,"leave-1",1000,0.5,1e+05,TRUE,98
10,0,0,0,10.9380505396065,10.9537146541742,25.8771092039897,0,25.9217961834399,0,"chi","un",33,1000,0.5,0,0,0,FALSE,0,FALSE,101,"leave-1",1000,0.5,1e+05,TRUE,98
10,0,0,0,10.9380505396065,10.9395732975663,25.8771092039897,0,25.919326824286,0,"chi","un",33,1000,0.5,0,0,0,FALSE,0,FALSE,101,"leave-1",1000,0.5,1e+05,TRUE,98
10,0,0,0,10.9380505396065,10.9514841314754,25.8771092039897,0,25.8727239517367,0,"chi","un",33,1000,0.5,0,0,0,FALSE,0,FALSE,101,"leave-1",1000,0.5,1e+05,TRUE,98
10,0,0,0,10.9380505396065,10.949167394592,25.8771092039897,0,25.8748808477356,0,"chi","un",33,1000,0.5,0,0,0,FALSE,0,FALSE,101,"leave-1",1000,0.5,1e+05,TRUE,98
10,0,0,0,10.9380505396065,10.9468914915405,25.8771092039897,0,25.8936018117926,0,"chi","un",33,1000,0.5,0,0,0,FALSE,0,FALSE,101,"leave-1",1000,0.5,1e+05,TRUE,98
10,0,0,0,10.9380505396065,10.9448087159679,25.8771092039897,0,25.9516447166573,0,"chi","un",33,1000,0.5,0,0,0,FALSE,0,FALSE,101,"leave-1",1000,0.5,1e+05,TRUE,98
10,0,0,0,10.9380505396065,10.9487247350749,25.8771092039897,0,25.8869997031253,0,"chi","un",33,1000,0.5,0,0,0,FALSE,0,FALSE,101,"leave-1",1000,0.5,1e+05,TRUE,98
10,0,0,0,10.9380505396065,10.9511986581773,25.8771092039897,0,25.964661928974,0,"chi","un",33,1000,0.5,0,0,0,FALSE,0,FALSE,101,"leave-1",1000,0.5,1e+05,TRUE,98
10,0,0,0,10.9380505396065,10.9477524722522,25.8771092039897,0,25.9094641596499,0,"chi","un",33,1000,0.5,0,0,0,FALSE,0,FALSE,101,"leave-1",1000,0.5,1e+05,TRUE,98
10,0,0,0,10.9380505396065,10.948717203575,25.8771092039897,0,25.8594036373411,0,"chi","un",33,1000,0.5,0,0,0,FALSE,0,FALSE,101,"leave-1",1000,0.5,1e+05,TRUE,98
10,0,0,0,10.9380505396065,10.9513438183648,25.8771092039897,0,25.8736349758462,0,"chi","un",33,1000,0.5,0,0,0,FALSE,0,FALSE,101,"leave-1",1000,0.5,1e+05,TRUE,98
10,0,0,0,10.9380505396065,10.9224547331749,25.8771092039897,0,25.8589200001055,0,"chi","un",33,1000,0.5,0,0,0,FALSE,0,FALSE,101,"leave-1",1000,0.5,1e+05,TRUE,98
10,0,0,0,10.9380505396065,10.9494626075239,25.8771092039897,0,25.8676694952017,0,"chi","un",33,1000,0.5,0,0,0,FALSE,0,FALSE,101,"leave-1",1000,0.5,1e+05,TRUE,98
10,0,0,0,10.9380505396065,10.9415450883713,25.8771092039897,0,25.8773081050146,0,"chi","un",33,1000,0.5,0,0,0,FALSE,0,FALSE,101,"leave-1",1000,0.5,1e+05,TRUE,98
10,0,0,0,10.9380505396065,10.9363497401506,25.8771092039897,0,25.9345370744779,0,"chi","un",33,1000,0.5,0,0,0,FALSE,0,FALSE,101,"leave-1",1000,0.5,1e+05,TRUE,98
10,0,0,0,10.9380505396065,10.8865734528365,25.8771092039897,0,26.0187240087502,0,"chi","un",33,1000,0.5,0,0,0,FALSE,0,FALSE,101,"leave-1",1000,0.5,1e+05,TRUE,98
10,0,0,0,10.9380505396065,10.9403026579159,25.8771092039897,0,26.0062140828399,0,"chi","un",33,1000,0.5,0,0,0,FALSE,0,FALSE,101,"leave-1",1000,0.5,1e+05,TRUE,98
10,0,0,0,10.9380505396065,10.952193943236,25.8771092039897,0,25.8288098675278,0,"chi","un",33,1000,0.5,0,0,0,FALSE,0,FALSE,101,"leave-1",1000,0.5,1e+05,TRUE,98
10,0,0,0,10.9380505396065,10.7891245508809,25.8771092039897,0,25.4848494205317,0,"chi","un",33,1000,0.5,0,0,0,FALSE,0,FALSE,101,"leave-1",1000,0.5,1e+05,TRUE,98
10,0,0,0,10.9380505396065,10.9480778384338,25.8771092039897,0,25.8818870101404,0,"chi","un",33,1000,0.5,0,0,0,FALSE,0,FALSE,101,"leave-1",1000,0.5,1e+05,TRUE,98
10,0,0,0,10.9380505396065,10.9465030120091,25.8771092039897,0,25.8986208146374,0,"chi","un",33,1000,0.5,0,0,0,FALSE,0,FALSE,101,"leave-1",1000,0.5,1e+05,TRUE,98
10,0,0,0,10.9380505396065,10.961079920285,25.8771092039897,0,25.9614964597208,0,"chi","un",33,1000,0.5,0,0,0,FALSE,0,FALSE,101,"leave-1",1000,0.5,1e+05,TRUE,98
10,0,0,0,10.9380505396065,10.8696843555445,25.8771092039897,0,25.7907891192351,0,"chi","un",33,1000,0.5,0,0,0,FALSE,0,FALSE,101,"leave-1",1000,0.5,1e+05,TRUE,98
10,0,0,0,10.9380505396065,10.9517429300683,25.8771092039897,0,25.8693925345262,0,"chi","un",33,1000,0.5,0,0,0,FALSE,0,FALSE,101,"leave-1",1000,0.5,1e+05,TRUE,98
10,0,0,0,10.9380505396065,10.9497348586967,25.8771092039897,0,25.9224982390619,0,"chi","un",33,1000,0.5,0,0,0,FALSE,0,FALSE,101,"leave-1",1000,0.5,1e+05,TRUE,98
10,0,0,0,10.9380505396065,10.9571655720549,25.8771092039897,0,26.1329505332279,0,"chi","un",33,1000,0.5,0,0,0,FALSE,0,FALSE,101,"leave-1",1000,0.5,1e+05,TRUE,98
10,0,0,0,10.9380505396065,10.9542693331909,25.8771092039897,0,25.970052598558,0,"chi","un",33,1000,0.5,0,0,0,FALSE,0,FALSE,101,"leave-1",1000,0.5,1e+05,TRUE,98
10,0,0,0,10.9380505396065,10.9391685540921,25.8771092039897,0,25.6691710208784,0,"chi","un",33,1000,0.5,0,0,0,FALSE,0,FALSE,101,"leave-1",1000,0.5,1e+05,TRUE,98
10,0,0,0,10.9380505396065,10.9652218061831,25.8771092039897,0,25.9446794256549,0,"chi","un",33,1000,0.5,0,0,0,FALSE,0,FALSE,101,"leave-1",1000,0.5,1e+05,TRUE,98
10,0,0,0,10.9380505396065,10.9564204542223,25.8771092039897,0,25.9059832091687,0,"chi","un",33,1000,0.5,0,0,0,FALSE,0,FALSE,101,"leave-1",1000,0.5,1e+05,TRUE,98
10,0,0,0,10.9380505396065,10.9448433206538,25.8771092039897,0,25.8851475836264,0,"chi","un",33,1000,0.5,0,0,0,FALSE,0,FALSE,101,"leave-1",1000,0.5,1e+05,TRUE,98
10,0,0,0,10.9380505396065,10.951268212521,25.8771092039897,0,25.9408299285182,0,"chi","un",33,1000,0.5,0,0,0,FALSE,0,FALSE,101,"leave-1",1000,0.5,1e+05,TRUE,98
10,0,0,0,10.9380505396065,10.9394588178352,25.8771092039897,0,25.7415984679439,0,"chi","un",33,1000,0.5,0,0,0,FALSE,0,FALSE,101,"leave-1",1000,0.5,1e+05,TRUE,98
10,0,0,0,10.9380505396065,10.9469618089578,25.8771092039897,0,25.7767286076552,0,"chi","un",33,1000,0.5,0,0,0,FALSE,0,FALSE,101,"leave-1",1000,0.5,1e+05,TRUE,98
10,0,0,0,10.9380505396065,10.873120771506,25.8771092039897,0,25.3018923036843,0,"chi","un",33,1000,0.5,0,0,0,FALSE,0,FALSE,101,"leave-1",1000,0.5,1e+05,TRUE,98
10,0,0,0,10.9380505396065,10.9334892052204,25.8771092039897,0,25.847447203852,0,"chi","un",33,1000,0.5,0,0,0,FALSE,0,FALSE,101,"leave-1",1000,0.5,1e+05,TRUE,98
10,0,0,0,10.9380505396065,10.9538046937247,25.8771092039897,0,25.9634747901447,0,"chi","un",33,1000,0.5,0,0,0,FALSE,0,FALSE,101,"leave-1",1000,0.5,1e+05,TRUE,98
10,0,0,0,10.9380505396065,10.9448818183787,25.8771092039897,0,25.9199759850526,0,"chi","un",33,1000,0.5,0,0,0,FALSE,0,FALSE,101,"leave-1",1000,0.5,1e+05,TRUE,98
10,0,0,0,10.9380505396065,10.9353658461476,25.8771092039897,0,25.9006852749857,0,"chi","un",33,1000,0.5,0,0,0,FALSE,0,FALSE,101,"leave-1",1000,0.5,1e+05,TRUE,98
10,0,0,0,10.9380505396065,10.9538844511279,25.8771092039897,0,25.8848686428283,0,"chi","un",33,1000,0.5,0,0,0,FALSE,0,FALSE,101,"leave-1",1000,0.5,1e+05,TRUE,98
10,0,0,0,10.9380505396065,10.9582051185262,25.8771092039897,0,25.983408129237,0,"chi","un",33,1000,0.5,0,0,0,FALSE,0,FALSE,101,"leave-1",1000,0.5,1e+05,TRUE,98
10,0,0,0,10.9380505396065,10.9211049881331,25.8771092039897,0,25.8712288712327,0,"chi","un",33,1000,0.5,0,0,0,FALSE,0,FALSE,101,"leave-1",1000,0.5,1e+05,TRUE,98
10,0,0,0,10.9380505396065,10.7704188244002,25.8771092039897,0,25.6401953134558,0,"chi","un",33,1000,0.5,0,0,0,FALSE,0,FALSE,101,"leave-1",1000,0.5,1e+05,TRUE,98
10,0,0,0,10.9380505396065,10.9490614650032,25.8771092039897,0,25.8956328162157,0,"chi","un",33,1000,0.5,0,0,0,FALSE,0,FALSE,101,"leave-1",1000,0.5,1e+05,TRUE,98
10,0,0,0,10.9380505396065,10.9205999330087,25.8771092039897,0,25.7945038457539,0,"chi","un",33,1000,0.5,0,0,0,FALSE,0,FALSE,101,"leave-1",1000,0.5,1e+05,TRUE,98
10,0,0,0,10.9380505396065,10.8637498425758,25.8771092039897,0,25.7711477961794,0,"chi","un",33,1000,0.5,0,0,0,FALSE,0,FALSE,101,"leave-1",1000,0.5,1e+05,TRUE,98
10,0,0,0,10.9380505396065,10.9385919745412,25.8771092039897,0,25.82825865491,0,"chi","un",33,1000,0.5,0,0,0,FALSE,0,FALSE,101,"leave-1",1000,0.5,1e+05,TRUE,98
10,0,0,0,10.9380505396065,10.955349433028,25.8771092039897,0,25.7778262827858,0,"chi","un",33,1000,0.5,0,0,0,FALSE,0,FALSE,101,"leave-1",1000,0.5,1e+05,TRUE,98
10,0,0,0,10.9380505396065,10.9485699192326,25.8771092039897,0,25.8758527221333,0,"chi","un",33,1000,0.5,0,0,0,FALSE,0,FALSE,101,"leave-1",1000,0.5,1e+05,TRUE,98
10,0,0,0,10.9380505396065,10.951743472667,25.8771092039897,0,26.046487950077,0,"chi","un",33,1000,0.5,0,0,0,FALSE,0,FALSE,101,"leave-1",1000,0.5,1e+05,TRUE,98
10,0,0,0,10.9380505396065,10.9481647280419,25.8771092039897,0,25.8866368283638,0,"chi","un",33,1000,0.5,0,0,0,FALSE,0,FALSE,101,"leave-1",1000,0.5,1e+05,TRUE,98
10,0,0,0,10.9380505396065,10.9475327948262,25.8771092039897,0,25.9214729568814,0,"chi","un",33,1000,0.5,0,0,0,FALSE,0,FALSE,101,"leave-1",1000,0.5,1e+05,TRUE,98
10,0,0,0,10.9380505396065,10.9450075987197,25.8771092039897,0,25.8909592307294,0,"chi","un",33,1000,0.5,0,0,0,FALSE,0,FALSE,101,"leave-1",1000,0.5,1e+05,TRUE,98
10,0,0,0,10.9380505396065,10.9369371138291,25.8771092039897,0,25.8725131560459,0,"chi","un",33,1000,0.5,0,0,0,FALSE,0,FALSE,101,"leave-1",1000,0.5,1e+05,TRUE,98
10,0,0,0,10.9380505396065,10.9337837206002,25.8771092039897,0,25.8479337295632,0,"chi","un",33,1000,0.5,0,0,0,FALSE,0,FALSE,101,"leave-1",1000,0.5,1e+05,TRUE,98
10,0,0,0,10.9380505396065,10.9235477644379,25.8771092039897,0,25.882613641504,0,"chi","un",33,1000,0.5,0,0,0,FALSE,0,FALSE,101,"leave-1",1000,0.5,1e+05,TRUE,98
10,0,0,0,10.9380505396065,10.9515699949278,25.8771092039897,0,25.9497159849081,0,"chi","un",33,1000,0.5,0,0,0,FALSE,0,FALSE,101,"leave-1",1000,0.5,1e+05,TRUE,98
10,0,0,0,10.9380505396065,10.9541287433849,25.8771092039897,0,25.9359426805428,0,"chi","un",33,1000,0.5,0,0,0,FALSE,0,FALSE,101,"leave-1",1000,0.5,1e+05,TRUE,98
10,0,0,0,10.9380505396065,10.9447114120633,25.8771092039897,0,25.8752866007732,0,"chi","un",33,1000,0.5,0,0,0,FALSE,0,FALSE,101,"leave-1",1000,0.5,1e+05,TRUE,98
10,0,0,0,10.9380505396065,10.9238448445179,25.8771092039897,0,26.0205793946501,0,"chi","un",33,1000,0.5,0,0,0,FALSE,0,FALSE,101,"leave-1",1000,0.5,1e+05,TRUE,98
10,0,0,0,10.9380505396065,10.976962152377,25.8771092039897,0,26.2239305032168,0,"chi","un",33,1000,0.5,0,0,0,FALSE,0,FALSE,101,"leave-1",1000,0.5,1e+05,TRUE,98
10,0,0,0,10.9380505396065,10.9497827175308,25.8771092039897,0,25.8920672924043,0,"chi","un",33,1000,0.5,0,0,0,FALSE,0,FALSE,101,"leave-1",1000,0.5,1e+05,TRUE,98
10,0,0,0,10.9380505396065,10.9465102344179,25.8771092039897,0,25.8764828949499,0,"chi","un",33,1000,0.5,0,0,0,FALSE,0,FALSE,101,"leave-1",1000,0.5,1e+05,TRUE,98
10,0,0,0,10.9380505396065,10.939599111011,25.8771092039897,0,25.8679062466274,0,"chi","un",33,1000,0.5,0,0,0,FALSE,0,FALSE,101,"leave-1",1000,0.5,1e+05,TRUE,98
10,0,0,0,10.9380505396065,10.950499389943,25.8771092039897,0,25.8860433075259,0,"chi","un",33,1000,0.5,0,0,0,FALSE,0,FALSE,101,"leave-1",1000,0.5,1e+05,TRUE,98
10,0,0,0,10.9380505396065,10.9164122524881,25.8771092039897,0,25.6041206221785,0,"chi","un",33,1000,0.5,0,0,0,FALSE,0,FALSE,101,"leave-1",1000,0.5,1e+05,TRUE,98
10,0,0,0,10.9380505396065,10.9492940264512,25.8771092039897,0,25.9275971966554,0,"chi","un",33,1000,0.5,0,0,0,FALSE,0,FALSE,101,"leave-1",1000,0.5,1e+05,TRUE,98
10,0,0,0,10.9380505396065,10.9426177978545,25.8771092039897,0,25.8208892204351,0,"chi","un",33,1000,0.5,0,0,0,FALSE,0,FALSE,101,"leave-1",1000,0.5,1e+05,TRUE,98
10,0,0,0,10.9380505396065,10.9183931006172,25.8771092039897,0,25.8147906648204,0,"chi","un",33,1000,0.5,0,0,0,FALSE,0,FALSE,101,"leave-1",1000,0.5,1e+05,TRUE,98
10,0,0,0,10.9380505396065,10.942864331846,25.8771092039897,0,25.8626108333968,0,"chi","un",33,1000,0.5,0,0,0,FALSE,0,FALSE,101,"leave-1",1000,0.5,1e+05,TRUE,98
10,0,0,0,10.9380505396065,10.9327945696493,25.8771092039897,0,25.8874212750686,0,"chi","un",33,1000,0.5,0,0,0,FALSE,0,FALSE,101,"leave-1",1000,0.5,1e+05,TRUE,98
10,0,0,0,10.9380505396065,10.9538205970773,25.8771092039897,0,25.8237570079193,0,"chi","un",33,1000,0.5,0,0,0,FALSE,0,FALSE,101,"leave-1",1000,0.5,1e+05,TRUE,98
10,0,0,0,10.9380505396065,10.9501612501765,25.8771092039897,0,25.9406906534317,0,"chi","un",33,1000,0.5,0,0,0,FALSE,0,FALSE,101,"leave-1",1000,0.5,1e+05,TRUE,98
10,0,0,0,10.9380505396065,10.9049633677568,25.8771092039897,0,25.8120216057717,0,"chi","un",33,1000,0.5,0,0,0,FALSE,0,FALSE,101,"leave-1",1000,0.5,1e+05,TRUE,98
10,0,0,0,10.9380505396065,10.9399966306489,25.8771092039897,0,25.8576685969654,0,"chi","un",33,1000,0.5,0,0,0,FALSE,0,FALSE,101,"leave-1",1000,0.5,1e+05,TRUE,98
10,0,0,0,10.9380505396065,10.9507622332083,25.8771092039897,0,25.9205623806939,0,"chi","un",33,1000,0.5,0,0,0,FALSE,0,FALSE,101,"leave-1",1000,0.5,1e+05,TRUE,98
10,0,0,0,10.9380505396065,10.949915224613,25.8771092039897,0,25.8195768748655,0,"chi","un",33,1000,0.5,0,0,0,FALSE,0,FALSE,101,"leave-1",1000,0.5,1e+05,TRUE,98
10,0,0,0,10.9380505396065,10.949097828686,25.8771092039897,0,25.9248435106525,0,"chi","un",33,1000,0.5,0,0,0,FALSE,0,FALSE,101,"leave-1",1000,0.5,1e+05,TRUE,98
10,0,0,0,10.9380505396065,10.786443738276,25.8771092039897,0,24.9014032871608,0,"chi","un",33,1000,0.5,0,0,0,FALSE,0,FALSE,101,"leave-1",1000,0.5,1e+05,TRUE,98
10,0,0,0,10.9380505396065,10.9176043905965,25.8771092039897,0,26.1013800393768,0,"chi","un",33,1000,0.5,0,0,0,FALSE,0,FALSE,101,"leave-1",1000,0.5,1e+05,TRUE,98
10,0,0,0,10.9380505396065,10.96115764112,25.8771092039897,0,26.0846031883077,0,"chi","un",33,1000,0.5,0,0,0,FALSE,0,FALSE,101,"leave-1",1000,0.5,1e+05,TRUE,98
10,0,0,0,10.9380505396065,10.9290904251137,25.8771092039897,0,25.8001636976789,0,"chi","un",33,1000,0.5,0,0,0,FALSE,0,FALSE,101,"leave-1",1000,0.5,1e+05,TRUE,98
10,0,0,0,10.9380505396065,10.9604217502412,25.8771092039897,0,26.0554888706096,0,"chi","un",33,1000,0.5,0,0,0,FALSE,0,FALSE,101,"leave-1",1000,0.5,1e+05,TRUE,98
10,0,0,0,10.9380505396065,10.9432198001828,25.8771092039897,0,25.8885602948883,0,"chi","un",33,1000,0.5,0,0,0,FALSE,0,FALSE,101,"leave-1",1000,0.5,1e+05,TRUE,98
10,0,0,0,10.9380505396065,10.9200941053837,25.8771092039897,0,25.5782953909273,0,"chi","un",33,1000,0.5,0,0,0,FALSE,0,FALSE,101,"leave-1",1000,0.5,1e+05,TRUE,98
10,0,0,0,10.9380505396065,10.9431208708841,25.8771092039897,0,25.8520227593795,0,"chi","un",33,1000,0.5,0,0,0,FALSE,0,FALSE,101,"leave-1",1000,0.5,1e+05,TRUE,98
10,0,0,0,10.9380505396065,10.8709860587867,25.8771092039897,0,25.8884269585004,0,"chi","un",33,1000,0.5,0,0,0,FALSE,0,FALSE,101,"leave-1",1000,0.5,1e+05,TRUE,98
10,0,0,0,10.9380505396065,10.9620493210512,25.8771092039897,0,26.1236083019968,0,"chi","un",33,1000,0.5,0,0,0,FALSE,0,FALSE,101,"leave-1",1000,0.5,1e+05,TRUE,98
10,0,0,0,10.9380505396065,10.9599721256009,25.8771092039897,0,25.9238088996101,0,"chi","un",33,1000,0.5,0,0,0,FALSE,0,FALSE,101,"leave-1",1000,0.5,1e+05,TRUE,98
10,0,0,0,10.9380505396065,10.9269583144003,25.8771092039897,0,25.8934172190696,0,"chi","un",33,1000,0.5,0,0,0,FALSE,0,FALSE,101,"leave-1",1000,0.5,1e+05,TRUE,98
10,0,0,0,10.9380505396065,10.9495806038819,25.8771092039897,0,25.8238223962948,0,"chi","un",33,1000,0.5,0,0,0,FALSE,0,FALSE,101,"leave-1",1000,0.5,1e+05,TRUE,98
10,0,0,0,10.9380505396065,10.9608735642916,25.8771092039897,0,25.9157163793549,0,"chi","un",33,1000,0.5,0,0,0,FALSE,0,FALSE,101,"leave-1",1000,0.5,1e+05,TRUE,98
10,0,0,0,10.9380505396065,10.9268624473021,25.8771092039897,0,25.8115477625182,0,"chi","un",33,1000,0.5,0,0,0,FALSE,0,FALSE,101,"leave-1",1000,0.5,1e+05,TRUE,98
10,0,0,0,10.9380505396065,10.9455304664877,25.8771092039897,0,25.8910755689689,0,"chi","un",33,1000,0.5,0,0,0,FALSE,0,FALSE,101,"leave-1",1000,0.5,1e+05,TRUE,98
10,0,0,0,10.9380505396065,10.9499306967732,25.8771092039897,0,25.8737345228778,0,"chi","un",33,1000,0.5,0,0,0,FALSE,0,FALSE,101,"leave-1",1000,0.5,1e+05,TRUE,98
10,0,0,0,10.9380505396065,10.9657228266661,25.8771092039897,0,25.8142610206002,0,"chi","un",33,1000,0.5,0,0,0,FALSE,0,FALSE,101,"leave-1",1000,0.5,1e+05,TRUE,98
10,0,0,0,10.9380505396065,10.941343989128,25.8771092039897,0,25.8340123745211,0,"chi","un",33,1000,0.5,0,0,0,FALSE,0,FALSE,101,"leave-1",1000,0.5,1e+05,TRUE,98
10,0,0,0,10.9380505396065,10.951642429451,25.8771092039897,0,25.9068597961775,0,"chi","un",33,1000,0.5,0,0,0,FALSE,0,FALSE,101,"leave-1",1000,0.5,1e+05,TRUE,98
10,0,0,0,10.9380505396065,10.9168490724664,25.8771092039897,0,25.7361950288239,0,"chi","un",33,1000,0.5,0,0,0,FALSE,0,FALSE,101,"leave-1",1000,0.5,1e+05,TRUE,98
10,0,0,0,10.9380505396065,10.9515077537751,25.8771092039897,0,25.9207572300768,0,"chi","un",33,1000,0.5,0,0,0,FALSE,0,FALSE,101,"leave-1",1000,0.5,1e+05,TRUE,98
10,0,0,0,10.9380505396065,10.9512315652331,25.8771092039897,0,25.8709459222451,0,"chi","un",33,1000,0.5,0,0,0,FALSE,0,FALSE,101,"leave-1",1000,0.5,1e+05,TRUE,98
10,0,0,0,10.9380505396065,10.9452601837698,25.8771092039897,0,25.7957991301171,0,"chi","un",33,1000,0.5,0,0,0,FALSE,0,FALSE,101,"leave-1",1000,0.5,1e+05,TRUE,98
10,0,0,0,10.9380505396065,10.9347730104423,25.8771092039897,0,25.858656290369,0,"chi","un",33,1000,0.5,0,0,0,FALSE,0,FALSE,101,"leave-1",1000,0.5,1e+05,TRUE,98
10,0,0,0,10.9380505396065,10.9740267950358,25.8771092039897,0,25.3617750473282,0,"chi","un",33,1000,0.5,0,0,0,FALSE,0,FALSE,101,"leave-1",1000,0.5,1e+05,TRUE,98
10,0,0,0,10.9380505396065,10.949071082321,25.8771092039897,0,25.8506168266779,0,"chi","un",33,1000,0.5,0,0,0,FALSE,0,FALSE,101,"leave-1",1000,0.5,1e+05,TRUE,98
10,0,0,0,10.9380505396065,10.9292818809591,25.8771092039897,0,25.860221779131,0,"chi","un",33,1000,0.5,0,0,0,FALSE,0,FALSE,101,"leave-1",1000,0.5,1e+05,TRUE,98
10,0,0,0,10.9380505396065,10.9462762707594,25.8771092039897,0,25.8872053380087,0,"chi","un",33,1000,0.5,0,0,0,FALSE,0,FALSE,101,"leave-1",1000,0.5,1e+05,TRUE,98
10,0,0,0,10.9380505396065,10.9368220743594,25.8771092039897,0,25.9464137422689,0,"chi","un",33,1000,0.5,0,0,0,FALSE,0,FALSE,101,"leave-1",1000,0.5,1e+05,TRUE,98
10,0,0,0,10.9380505396065,10.9506269193522,25.8771092039897,0,25.8067312844921,0,"chi","un",33,1000,0.5,0,0,0,FALSE,0,FALSE,101,"leave-1",1000,0.5,1e+05,TRUE,98
10,0,0,0,10.9380505396065,10.9459944254625,25.8771092039897,0,25.9002505604225,0,"chi","un",33,1000,0.5,0,0,0,FALSE,0,FALSE,101,"leave-1",1000,0.5,1e+05,TRUE,98
10,0,0,0,10.9380505396065,10.9287485930782,25.8771092039897,0,25.915522370504,0,"chi","un",33,1000,0.5,0,0,0,FALSE,0,FALSE,101,"leave-1",1000,0.5,1e+05,TRUE,98
10,0,0,0,10.9380505396065,10.9486400063803,25.8771092039897,0,25.8462040905983,0,"chi","un",33,1000,0.5,0,0,0,FALSE,0,FALSE,101,"leave-1",1000,0.5,1e+05,TRUE,98
10,0,0,0,10.9380505396065,10.9351693196453,25.8771092039897,0,26.0113099135275,0,"chi","un",33,1000,0.5,0,0,0,FALSE,0,FALSE,101,"leave-1",1000,0.5,1e+05,TRUE,98
10,0,0,0,10.9380505396065,10.9480733502826,25.8771092039897,0,25.8799932715362,0,"chi","un",33,1000,0.5,0,0,0,FALSE,0,FALSE,101,"leave-1",1000,0.5,1e+05,TRUE,98
10,0,0,0,10.9380505396065,10.9491478524187,25.8771092039897,0,25.8387752635759,0,"chi","un",33,1000,0.5,0,0,0,FALSE,0,FALSE,101,"leave-1",1000,0.5,1e+05,TRUE,98
10,0,0,0,10.9380505396065,10.9459356893951,25.8771092039897,0,25.8802969255791,0,"chi","un",33,1000,0.5,0,0,0,FALSE,0,FALSE,101,"leave-1",1000,0.5,1e+05,TRUE,98
10,0,0,0,10.9380505396065,10.954615968591,25.8771092039897,0,25.8773302326714,0,"chi","un",33,1000,0.5,0,0,0,FALSE,0,FALSE,101,"leave-1",1000,0.5,1e+05,TRUE,98
10,0,0,0,10.9380505396065,10.954681446021,25.8771092039897,0,26.0186075318716,0,"chi","un",33,1000,0.5,0,0,0,FALSE,0,FALSE,101,"leave-1",1000,0.5,1e+05,TRUE,98
10,0,0,0,10.9380505396065,10.9515124140149,25.8771092039897,0,25.8569941101102,0,"chi","un",33,1000,0.5,0,0,0,FALSE,0,FALSE,101,"leave-1",1000,0.5,1e+05,TRUE,98
10,0,0,0,10.9380505396065,10.9167580235743,25.8771092039897,0,25.9730869526289,0,"chi","un",33,1000,0.5,0,0,0,FALSE,0,FALSE,101,"leave-1",1000,0.5,1e+05,TRUE,98
10,0,0,0,10.9380505396065,10.9308017942127,25.8771092039897,0,25.8606374677733,0,"chi","un",33,1000,0.5,0,0,0,FALSE,0,FALSE,101,"leave-1",1000,0.5,1e+05,TRUE,98
10,0,0,0,10.9380505396065,10.9232733708499,25.8771092039897,0,25.8963260701731,0,"chi","un",33,1000,0.5,0,0,0,FALSE,0,FALSE,101,"leave-1",1000,0.5,1e+05,TRUE,98
10,0,0,0,10.9380505396065,10.9751588129925,25.8771092039897,0,25.6781367214639,0,"chi","un",33,1000,0.5,0,0,0,FALSE,0,FALSE,101,"leave-1",1000,0.5,1e+05,TRUE,98
10,0,0,0,10.9380505396065,10.9411222538198,25.8771092039897,0,25.9125296033027,0,"chi","un",33,1000,0.5,0,0,0,FALSE,0,FALSE,101,"leave-1",1000,0.5,1e+05,TRUE,98
10,0,0,0,10.9380505396065,10.9440114161886,25.8771092039897,0,25.863379845154,0,"chi","un",33,1000,0.5,0,0,0,FALSE,0,FALSE,101,"leave-1",1000,0.5,1e+05,TRUE,98
10,0,0,0,10.9380505396065,10.9491163733677,25.8771092039897,0,25.8911033903061,0,"chi","un",33,1000,0.5,0,0,0,FALSE,0,FALSE,101,"leave-1",1000,0.5,1e+05,TRUE,98
10,0,0,0,10.9380505396065,10.9238775447958,25.8771092039897,0,25.7744110964854,0,"chi","un",33,1000,0.5,0,0,0,FALSE,0,FALSE,101,"leave-1",1000,0.5,1e+05,TRUE,98
10,0,0,0,10.9380505396065,10.923211529685,25.8771092039897,0,25.8691219856522,0,"chi","un",33,1000,0.5,0,0,0,FALSE,0,FALSE,101,"leave-1",1000,0.5,1e+05,TRUE,98
10,0,0,0,10.9380505396065,10.9408758063559,25.8771092039897,0,25.8146019363144,0,"chi","un",33,1000,0.5,0,0,0,FALSE,0,FALSE,101,"leave-1",1000,0.5,1e+05,TRUE,98
10,0,0,0,10.9380505396065,10.9567617342335,25.8771092039897,0,26.069096849629,0,"chi","un",33,1000,0.5,0,0,0,FALSE,0,FALSE,101,"leave-1",1000,0.5,1e+05,TRUE,98
10,0,0,0,10.9380505396065,10.9565495732128,25.8771092039897,0,25.8898179927871,0,"chi","un",33,1000,0.5,0,0,0,FALSE,0,FALSE,101,"leave-1",1000,0.5,1e+05,TRUE,98
10,0,0,0,10.9380505396065,10.9487183907436,25.8771092039897,0,25.878388275961,0,"chi","un",33,1000,0.5,0,0,0,FALSE,0,FALSE,101,"leave-1",1000,0.5,1e+05,TRUE,98
10,0,0,0,10.9380505396065,10.9501289841431,25.8771092039897,0,25.8081563198421,0,"chi","un",33,1000,0.5,0,0,0,FALSE,0,FALSE,101,"leave-1",1000,0.5,1e+05,TRUE,98
10,0,0,0,10.9380505396065,10.9462662699423,25.8771092039897,0,25.8917631775663,0,"chi","un",33,1000,0.5,0,0,0,FALSE,0,FALSE,101,"leave-1",1000,0.5,1e+05,TRUE,98
10,0,0,0,10.9380505396065,10.9485795602975,25.8771092039897,0,25.9244573891719,0,"chi","un",33,1000,0.5,0,0,0,FALSE,0,FALSE,101,"leave-1",1000,0.5,1e+05,TRUE,98
10,0,0,0,10.9380505396065,10.9518577608056,25.8771092039897,0,25.9383265838125,0,"chi","un",33,1000,0.5,0,0,0,FALSE,0,FALSE,101,"leave-1",1000,0.5,1e+05,TRUE,98
10,0,0,0,10.9380505396065,10.9484808728916,25.8771092039897,0,25.8774862444423,0,"chi","un",33,1000,0.5,0,0,0,FALSE,0,FALSE,101,"leave-1",1000,0.5,1e+05,TRUE,98
10,0,0,0,10.9380505396065,10.9428985532825,25.8771092039897,0,25.8787633993241,0,"chi","un",33,1000,0.5,0,0,0,FALSE,0,FALSE,101,"leave-1",1000,0.5,1e+05,TRUE,98
10,0,0,0,10.9380505396065,10.9438199605689,25.8771092039897,0,25.875286795337,0,"chi","un",33,1000,0.5,0,0,0,FALSE,0,FALSE,101,"leave-1",1000,0.5,1e+05,TRUE,98
10,0,0,0,10.9380505396065,10.9553598537625,25.8771092039897,0,25.8710332139895,0,"chi","un",33,1000,0.5,0,0,0,FALSE,0,FALSE,101,"leave-1",1000,0.5,1e+05,TRUE,98
10,0,0,0,10.9380505396065,10.8855379781697,25.8771092039897,0,25.7491598808292,0,"chi","un",33,1000,0.5,0,0,0,FALSE,0,FALSE,101,"leave-1",1000,0.5,1e+05,TRUE,98
10,0,0,0,10.9380505396065,10.9524271235093,25.8771092039897,0,26.0748689035011,0,"chi","un",33,1000,0.5,0,0,0,FALSE,0,FALSE,101,"leave-1",1000,0.5,1e+05,TRUE,98
10,0,0,0,10.9380505396065,10.9586311251875,25.8771092039897,0,25.8260319718924,0,"chi","un",33,1000,0.5,0,0,0,FALSE,0,FALSE,101,"leave-1",1000,0.5,1e+05,TRUE,98
10,0,0,0,10.9380505396065,10.9519655069977,25.8771092039897,0,25.8848334471451,0,"chi","un",33,1000,0.5,0,0,0,FALSE,0,FALSE,101,"leave-1",1000,0.5,1e+05,TRUE,98
10,0,0,0,10.9380505396065,10.9403446732715,25.8771092039897,0,25.8725684456719,0,"chi","un",33,1000,0.5,0,0,0,FALSE,0,FALSE,101,"leave-1",1000,0.5,1e+05,TRUE,98
10,0,0,0,10.9380505396065,10.932374949314,25.8771092039897,0,25.8461768053316,0,"chi","un",33,1000,0.5,0,0,0,FALSE,0,FALSE,101,"leave-1",1000,0.5,1e+05,TRUE,98
10,0,0,0,10.9380505396065,10.9362538910423,25.8771092039897,0,25.8692766421635,0,"chi","un",33,1000,0.5,0,0,0,FALSE,0,FALSE,101,"leave-1",1000,0.5,1e+05,TRUE,98
10,0,0,0,10.9380505396065,10.9469489286825,25.8771092039897,0,25.89858163734,0,"chi","un",33,1000,0.5,0,0,0,FALSE,0,FALSE,101,"leave-1",1000,0.5,1e+05,TRUE,98
10,0,0,0,10.9380505396065,10.9468151195936,25.8771092039897,0,25.8785611810061,0,"chi","un",33,1000,0.5,0,0,0,FALSE,0,FALSE,101,"leave-1",1000,0.5,1e+05,TRUE,98
10,0,0,0,10.9380505396065,10.9253532537294,25.8771092039897,0,25.8396707375942,0,"chi","un",33,1000,0.5,0,0,0,FALSE,0,FALSE,101,"leave-1",1000,0.5,1e+05,TRUE,98
10,0,0,0,10.9380505396065,10.9381142924279,25.8771092039897,0,25.8745882403144,0,"chi","un",33,1000,0.5,0,0,0,FALSE,0,FALSE,101,"leave-1",1000,0.5,1e+05,TRUE,98
10,0,0,0,10.9380505396065,10.9352399802139,25.8771092039897,0,25.8815235619417,0,"chi","un",33,1000,0.5,0,0,0,FALSE,0,FALSE,101,"leave-1",1000,0.5,1e+05,TRUE,98
10,0,0,0,10.9380505396065,10.9233209204244,25.8771092039897,0,25.8650552121193,0,"chi","un",33,1000,0.5,0,0,0,FALSE,0,FALSE,101,"leave-1",1000,0.5,1e+05,TRUE,98
10,0,0,0,10.9380505396065,10.8951132111683,25.8771092039897,0,25.7289374705175,0,"chi","un",33,1000,0.5,0,0,0,FALSE,0,FALSE,101,"leave-1",1000,0.5,1e+05,TRUE,98
10,0,0,0,10.9380505396065,10.9342173139951,25.8771092039897,0,25.7982982281197,0,"chi","un",33,1000,0.5,0,0,0,FALSE,0,FALSE,101,"leave-1",1000,0.5,1e+05,TRUE,98
10,0,0,0,10.9380505396065,10.9509572396914,25.8771092039897,0,25.9368218340179,0,"chi","un",33,1000,0.5,0,0,0,FALSE,0,FALSE,101,"leave-1",1000,0.5,1e+05,TRUE,98
10,0,0,0,10.9380505396065,10.9484532212857,25.8771092039897,0,25.9142461461169,0,"chi","un",33,1000,0.5,0,0,0,FALSE,0,FALSE,101,"leave-1",1000,0.5,1e+05,TRUE,98
10,0,0,0,10.9380505396065,10.9537788431015,25.8771092039897,0,25.9364989398207,0,"chi","un",33,1000,0.5,0,0,0,FALSE,0,FALSE,101,"leave-1",1000,0.5,1e+05,TRUE,98
10,0,0,0,10.9380505396065,10.9474549576987,25.8771092039897,0,25.8295534010591,0,"chi","un",33,1000,0.5,0,0,0,FALSE,0,FALSE,101,"leave-1",1000,0.5,1e+05,TRUE,98
10,0,0,0,10.9380505396065,10.9348110826164,25.8771092039897,0,25.9461038649206,0,"chi","un",33,1000,0.5,0,0,0,FALSE,0,FALSE,101,"leave-1",1000,0.5,1e+05,TRUE,98
10,0,0,0,10.9380505396065,10.94969679829,25.8771092039897,0,25.796075615054,0,"chi","un",33,1000,0.5,0,0,0,FALSE,0,FALSE,101,"leave-1",1000,0.5,1e+05,TRUE,98
10,0,0,0,10.9380505396065,10.9488677144427,25.8771092039897,0,25.8715900993026,0,"chi","un",33,1000,0.5,0,0,0,FALSE,0,FALSE,101,"leave-1",1000,0.5,1e+05,TRUE,98
10,0,0,0,10.9380505396065,10.9435583902787,25.8771092039897,0,25.860336794135,0,"chi","un",33,1000,0.5,0,0,0,FALSE,0,FALSE,101,"leave-1",1000,0.5,1e+05,TRUE,98
10,0,0,0,10.9380505396065,10.9698249125912,25.8771092039897,0,26.1025167848606,0,"chi","un",33,1000,0.5,0,0,0,FALSE,0,FALSE,101,"leave-1",1000,0.5,1e+05,TRUE,98
10,0,0,0,10.9380505396065,10.9519175026454,25.8771092039897,0,25.7772895778781,0,"chi","un",33,1000,0.5,0,0,0,FALSE,0,FALSE,101,"leave-1",1000,0.5,1e+05,TRUE,98
10,0,0,0,10.9380505396065,10.9418056231125,25.8771092039897,0,25.8804507524696,0,"chi","un",33,1000,0.5,0,0,0,FALSE,0,FALSE,101,"leave-1",1000,0.5,1e+05,TRUE,98
10,0,0,0,10.9380505396065,10.944361703961,25.8771092039897,0,25.8683059602582,0,"chi","un",33,1000,0.5,0,0,0,FALSE,0,FALSE,101,"leave-1",1000,0.5,1e+05,TRUE,98
10,0,0,0,10.9380505396065,10.9547309525623,25.8771092039897,0,25.932676701146,0,"chi","un",33,1000,0.5,0,0,0,FALSE,0,FALSE,101,"leave-1",1000,0.5,1e+05,TRUE,98
10,0,0,0,10.9380505396065,10.9516388198181,25.8771092039897,0,25.9269857016809,0,"chi","un",33,1000,0.5,0,0,0,FALSE,0,FALSE,101,"leave-1",1000,0.5,1e+05,TRUE,98
10,0,0,0,10.9380505396065,10.94185798259,25.8771092039897,0,25.8938245070924,0,"chi","un",33,1000,0.5,0,0,0,FALSE,0,FALSE,101,"leave-1",1000,0.5,1e+05,TRUE,98
10,0,0,0,10.9380505396065,10.9516948912224,25.8771092039897,0,25.8895115704717,0,"chi","un",33,1000,0.5,0,0,0,FALSE,0,FALSE,101,"leave-1",1000,0.5,1e+05,TRUE,98
10,0,0,0,10.9380505396065,10.9703515532899,25.8771092039897,0,25.6350152586818,0,"chi","un",33,1000,0.5,0,0,0,FALSE,0,FALSE,101,"leave-1",1000,0.5,1e+05,TRUE,98
10,0,0,0,10.9380505396065,10.9480342675957,25.8771092039897,0,25.8719124252368,0,"chi","un",33,1000,0.5,0,0,0,FALSE,0,FALSE,101,"leave-1",1000,0.5,1e+05,TRUE,98
10,0,0,0,10.9380505396065,10.9083854417283,25.8771092039897,0,26.2857315493079,0,"chi","un",33,1000,0.5,0,0,0,FALSE,0,FALSE,101,"leave-1",1000,0.5,1e+05,TRUE,98
10,0,0,0,10.9380505396065,10.9995939085154,25.8771092039897,0,26.1956312486908,0,"chi","un",33,1000,0.5,0,0,0,FALSE,0,FALSE,101,"leave-1",1000,0.5,1e+05,TRUE,98
10,0,0,0,10.9380505396065,10.9414179163171,25.8771092039897,0,25.9784708091044,0,"chi","un",33,1000,0.5,0,0,0,FALSE,0,FALSE,101,"leave-1",1000,0.5,1e+05,TRUE,98
10,0,0,0,10.9380505396065,10.945243752527,25.8771092039897,0,25.8768037896544,0,"chi","un",33,1000,0.5,0,0,0,FALSE,0,FALSE,101,"leave-1",1000,0.5,1e+05,TRUE,98
10,0,0,0,10.9380505396065,10.9656505726336,25.8771092039897,0,25.9422347000997,0,"chi","un",33,1000,0.5,0,0,0,FALSE,0,FALSE,101,"leave-1",1000,0.5,1e+05,TRUE,98
10,0,0,0,10.9380505396065,10.9083710938551,25.8771092039897,0,25.8606932331289,0,"chi","un",33,1000,0.5,0,0,0,FALSE,0,FALSE,101,"leave-1",1000,0.5,1e+05,TRUE,98
10,0,0,0,10.9380505396065,10.9511962632017,25.8771092039897,0,25.8788535647002,0,"chi","un",33,1000,0.5,0,0,0,FALSE,0,FALSE,101,"leave-1",1000,0.5,1e+05,TRUE,98
10,0,0,0,10.9380505396065,10.9387668197384,25.8771092039897,0,25.8999194976186,0,"chi","un",33,1000,0.5,0,0,0,FALSE,0,FALSE,101,"leave-1",1000,0.5,1e+05,TRUE,98
10,0,0,0,10.9380505396065,10.9475501478986,25.8771092039897,0,25.9339352204171,0,"chi","un",33,1000,0.5,0,0,0,FALSE,0,FALSE,101,"leave-1",1000,0.5,1e+05,TRUE,98
10,0,0,0,10.9380505396065,10.9391853838236,25.8771092039897,0,25.8780823134995,0,"chi","un",33,1000,0.5,0,0,0,FALSE,0,FALSE,101,"leave-1",1000,0.5,1e+05,TRUE,98
10,0,0,0,10.9380505396065,10.9441821147477,25.8771092039897,0,25.9228065196901,0,"chi","un",33,1000,0.5,0,0,0,FALSE,0,FALSE,101,"leave-1",1000,0.5,1e+05,TRUE,98
10,0,0,0,10.9380505396065,10.8611419698087,25.8771092039897,0,25.9925844745255,0,"chi","un",33,1000,0.5,0,0,0,FALSE,0,FALSE,101,"leave-1",1000,0.5,1e+05,TRUE,98
10,0,0,0,10.9380505396065,10.9540464897972,25.8771092039897,0,25.9051338793622,0,"chi","un",33,1000,0.5,0,0,0,FALSE,0,FALSE,101,"leave-1",1000,0.5,1e+05,TRUE,98
10,0,0,0,10.9380505396065,10.9547478520478,25.8771092039897,0,25.8811296826233,0,"chi","un",33,1000,0.5,0,0,0,FALSE,0,FALSE,101,"leave-1",1000,0.5,1e+05,TRUE,98
10,0,0,0,10.9380505396065,10.9328197008738,25.8771092039897,0,26.0297197483758,0,"chi","un",33,1000,0.5,0,0,0,FALSE,0,FALSE,101,"leave-1",1000,0.5,1e+05,TRUE,98
10,0,0,0,10.9380505396065,10.9446602496798,25.8771092039897,0,25.8859072057708,0,"chi","un",33,1000,0.5,0,0,0,FALSE,0,FALSE,101,"leave-1",1000,0.5,1e+05,TRUE,98
10,0,0,0,10.9380505396065,10.9271969504909,25.8771092039897,0,25.8365328886739,0,"chi","un",33,1000,0.5,0,0,0,FALSE,0,FALSE,101,"leave-1",1000,0.5,1e+05,TRUE,98
10,0,0,0,10.9380505396065,10.9378304266409,25.8771092039897,0,25.8327991110397,0,"chi","un",33,1000,0.5,0,0,0,FALSE,0,FALSE,101,"leave-1",1000,0.5,1e+05,TRUE,98
10,0,0,0,10.9380505396065,10.8973663252507,25.8771092039897,0,25.8537354368045,0,"chi","un",33,1000,0.5,0,0,0,FALSE,0,FALSE,101,"leave-1",1000,0.5,1e+05,TRUE,98
10,0,0,0,10.9380505396065,10.9543512585557,25.8771092039897,0,25.9240464636367,0,"chi","un",33,1000,0.5,0,0,0,FALSE,0,FALSE,101,"leave-1",1000,0.5,1e+05,TRUE,98
10,0,0,0,10.9380505396065,10.9472279125757,25.8771092039897,0,25.9221722494895,0,"chi","un",33,1000,0.5,0,0,0,FALSE,0,FALSE,101,"leave-1",1000,0.5,1e+05,TRUE,98
10,0,0,0,10.9380505396065,10.9783786844605,25.8771092039897,0,25.7869560322413,0,"chi","un",33,1000,0.5,0,0,0,FALSE,0,FALSE,101,"leave-1",1000,0.5,1e+05,TRUE,98
10,0,0,0,10.9380505396065,10.9536574817513,25.8771092039897,0,26.0116466950363,0,"chi","un",33,1000,0.5,0,0,0,FALSE,0,FALSE,101,"leave-1",1000,0.5,1e+05,TRUE,98
10,0,0,0,10.9380505396065,10.9416958718958,25.8771092039897,0,25.8874658772936,0,"chi","un",33,1000,0.5,0,0,0,FALSE,0,FALSE,101,"leave-1",1000,0.5,1e+05,TRUE,98
10,0,0,0,10.9380505396065,10.9486046905293,25.8771092039897,0,25.8726387925816,0,"chi","un",33,1000,0.5,0,0,0,FALSE,0,FALSE,101,"leave-1",1000,0.5,1e+05,TRUE,98
10,0,0,0,10.9380505396065,10.9509415820554,25.8771092039897,0,25.9350768941947,0,"chi","un",33,1000,0.5,0,0,0,FALSE,0,FALSE,101,"leave-1",1000,0.5,1e+05,TRUE,98
10,0,0,0,10.9380505396065,10.9414294586622,25.8771092039897,0,25.8714520242751,0,"chi","un",33,1000,0.5,0,0,0,FALSE,0,FALSE,101,"leave-1",1000,0.5,1e+05,TRUE,98
10,0,0,0,10.9380505396065,10.9523136408357,25.8771092039897,0,25.8470916398643,0,"chi","un",33,1000,0.5,0,0,0,FALSE,0,FALSE,101,"leave-1",1000,0.5,1e+05,TRUE,98
10,0,0,0,10.9380505396065,10.9489123873781,25.8771092039897,0,25.9555828451955,0,"chi","un",33,1000,0.5,0,0,0,FALSE,0,FALSE,101,"leave-1",1000,0.5,1e+05,TRUE,98
10,0,0,0,10.9380505396065,10.9512544079107,25.8771092039897,0,25.8528449328563,0,"chi","un",33,1000,0.5,0,0,0,FALSE,0,FALSE,101,"leave-1",1000,0.5,1e+05,TRUE,98
10,0,0,0,10.9380505396065,10.9176751693318,25.8771092039897,0,25.9126436306401,0,"chi","un",33,1000,0.5,0,0,0,FALSE,0,FALSE,101,"leave-1",1000,0.5,1e+05,TRUE,98
10,0,0,0,10.9380505396065,10.9433493493015,25.8771092039897,0,25.8362025828689,0,"chi","un",33,1000,0.5,0,0,0,FALSE,0,FALSE,101,"leave-1",1000,0.5,1e+05,TRUE,98
10,0,0,0,10.9380505396065,10.873657442874,25.8771092039897,0,25.7582687788705,0,"chi","un",33,1000,0.5,0,0,0,FALSE,0,FALSE,101,"leave-1",1000,0.5,1e+05,TRUE,98
10,0,0,0,10.9380505396065,10.9384049625621,25.8771092039897,0,25.8767236355925,0,"chi","un",33,1000,0.5,0,0,0,FALSE,0,FALSE,101,"leave-1",1000,0.5,1e+05,TRUE,98
10,0,0,0,10.9380505396065,10.7880729249025,25.8771092039897,0,25.4252823854091,0,"chi","un",33,1000,0.5,0,0,0,FALSE,0,FALSE,101,"leave-1",1000,0.5,1e+05,TRUE,98
10,0,0,0,10.9380505396065,10.9356002566294,25.8771092039897,0,25.877018656026,0,"chi","un",33,1000,0.5,0,0,0,FALSE,0,FALSE,101,"leave-1",1000,0.5,1e+05,TRUE,98
10,0,0,0,10.9380505396065,10.9694861110079,25.8771092039897,0,25.9749326566965,0,"chi","un",33,1000,0.5,0,0,0,FALSE,0,FALSE,101,"leave-1",1000,0.5,1e+05,TRUE,98
10,0,0,0,10.9380505396065,10.9414384815663,25.8771092039897,0,25.8852137075289,0,"chi","un",33,1000,0.5,0,0,0,FALSE,0,FALSE,101,"leave-1",1000,0.5,1e+05,TRUE,98
10,0,0,0,10.9380505396065,10.8978585100115,25.8771092039897,0,25.7872184157018,0,"chi","un",33,1000,0.5,0,0,0,FALSE,0,FALSE,101,"leave-1",1000,0.5,1e+05,TRUE,98
10,0,0,0,10.9380505396065,10.9465718074878,25.8771092039897,0,25.8688160816625,0,"chi","un",33,1000,0.5,0,0,0,FALSE,0,FALSE,101,"leave-1",1000,0.5,1e+05,TRUE,98
10,0,0,0,10.9380505396065,10.9721552012905,25.8771092039897,0,26.0314431563333,0,"chi","un",33,1000,0.5,0,0,0,FALSE,0,FALSE,101,"leave-1",1000,0.5,1e+05,TRUE,98
10,0,0,0,10.9380505396065,10.9519109751959,25.8771092039897,0,25.8059456658707,0,"chi","un",33,1000,0.5,0,0,0,FALSE,0,FALSE,101,"leave-1",1000,0.5,1e+05,TRUE,98
10,0,0,0,10.9380505396065,10.9819550647585,25.8771092039897,0,26.1099434309674,0,"chi","un",33,1000,0.5,0,0,0,FALSE,0,FALSE,101,"leave-1",1000,0.5,1e+05,TRUE,98
10,0,0,0,10.9380505396065,10.949501134958,25.8771092039897,0,25.9185278542796,0,"chi","un",33,1000,0.5,0,0,0,FALSE,0,FALSE,101,"leave-1",1000,0.5,1e+05,TRUE,98
10,0,0,0,10.9380505396065,10.951264342523,25.8771092039897,0,25.8662412067328,0,"chi","un",33,1000,0.5,0,0,0,FALSE,0,FALSE,101,"leave-1",1000,0.5,1e+05,TRUE,98
10,0,0,0,10.9380505396065,10.9453501919416,25.8771092039897,0,25.886872788411,0,"chi","un",33,1000,0.5,0,0,0,FALSE,0,FALSE,101,"leave-1",1000,0.5,1e+05,TRUE,98
10,0,0,0,10.9380505396065,10.9451154492476,25.8771092039897,0,25.7491547144774,0,"chi","un",33,1000,0.5,0,0,0,FALSE,0,FALSE,101,"leave-1",1000,0.5,1e+05,TRUE,98
10,0,0,0,10.9380505396065,10.952487406499,25.8771092039897,0,25.9117205271708,0,"chi","un",33,1000,0.5,0,0,0,FALSE,0,FALSE,101,"leave-1",1000,0.5,1e+05,TRUE,98
10,0,0,0,10.9380505396065,10.7025265154587,25.8771092039897,0,26.4205972500242,0,"chi","un",33,1000,0.5,0,0,0,FALSE,0,FALSE,101,"leave-1",1000,0.5,1e+05,TRUE,98
10,0,0,0,10.9380505396065,10.9233805722901,25.8771092039897,0,25.769233055875,0,"chi","un",33,1000,0.5,0,0,0,FALSE,0,FALSE,101,"leave-1",1000,0.5,1e+05,TRUE,98
10,0,0,0,10.9380505396065,10.9258606590644,25.8771092039897,0,25.8565010312305,0,"chi","un",33,1000,0.5,0,0,0,FALSE,0,FALSE,101,"leave-1",1000,0.5,1e+05,TRUE,98
10,0,0,0,10.9380505396065,10.948986048915,25.8771092039897,0,25.9100447690998,0,"chi","un",33,1000,0.5,0,0,0,FALSE,0,FALSE,101,"leave-1",1000,0.5,1e+05,TRUE,98
10,0,0,0,10.9380505396065,10.9472446316424,25.8771092039897,0,25.8729185539399,0,"chi","un",33,1000,0.5,0,0,0,FALSE,0,FALSE,101,"leave-1",1000,0.5,1e+05,TRUE,98
10,0,0,0,10.9380505396065,10.9493673572017,25.8771092039897,0,26.0358063695638,0,"chi","un",33,1000,0.5,0,0,0,FALSE,0,FALSE,101,"leave-1",1000,0.5,1e+05,TRUE,98
10,0,0,0,10.9380505396065,10.9567890952388,25.8771092039897,0,25.8725949658486,0,"chi","un",33,1000,0.5,0,0,0,FALSE,0,FALSE,101,"leave-1",1000,0.5,1e+05,TRUE,98
10,0,0,0,10.9380505396065,10.9266415925336,25.8771092039897,0,25.8885514591479,0,"chi","un",33,1000,0.5,0,0,0,FALSE,0,FALSE,101,"leave-1",1000,0.5,1e+05,TRUE,98
10,0,0,0,10.9380505396065,10.8952008783458,25.8771092039897,0,25.5916217582731,0,"chi","un",33,1000,0.5,0,0,0,FALSE,0,FALSE,101,"leave-1",1000,0.5,1e+05,TRUE,98
10,0,0,0,10.9380505396065,10.9369991364503,25.8771092039897,0,25.8466527555637,0,"chi","un",33,1000,0.5,0,0,0,FALSE,0,FALSE,101,"leave-1",1000,0.5,1e+05,TRUE,98
10,0,0,0,10.9380505396065,10.9075193853643,25.8771092039897,0,25.7954339412131,0,"chi","un",33,1000,0.5,0,0,0,FALSE,0,FALSE,101,"leave-1",1000,0.5,1e+05,TRUE,98
10,0,0,0,10.9380505396065,10.9449611230133,25.8771092039897,0,25.8366238244562,0,"chi","un",33,1000,0.5,0,0,0,FALSE,0,FALSE,101,"leave-1",1000,0.5,1e+05,TRUE,98
10,0,0,0,10.9380505396065,10.9306989443721,25.8771092039897,0,25.8906508833859,0,"chi","un",33,1000,0.5,0,0,0,FALSE,0,FALSE,101,"leave-1",1000,0.5,1e+05,TRUE,98
10,0,0,0,10.9380505396065,10.8948140587226,25.8771092039897,0,25.989055142687,0,"chi","un",33,1000,0.5,0,0,0,FALSE,0,FALSE,101,"leave-1",1000,0.5,1e+05,TRUE,98
10,0,0,0,10.9380505396065,10.9274414017114,25.8771092039897,0,25.7592747077713,0,"chi","un",33,1000,0.5,0,0,0,FALSE,0,FALSE,101,"leave-1",1000,0.5,1e+05,TRUE,98
10,0,0,0,10.9380505396065,10.9125575668793,25.8771092039897,0,25.8358944174763,0,"chi","un",33,1000,0.5,0,0,0,FALSE,0,FALSE,101,"leave-1",1000,0.5,1e+05,TRUE,98
10,0,0,0,10.9380505396065,10.9540424655478,25.8771092039897,0,25.777597876166,0,"chi","un",33,1000,0.5,0,0,0,FALSE,0,FALSE,101,"leave-1",1000,0.5,1e+05,TRUE,98
10,0,0,0,10.9380505396065,10.9319856600598,25.8771092039897,0,25.7814898320187,0,"chi","un",33,1000,0.5,0,0,0,FALSE,0,FALSE,101,"leave-1",1000,0.5,1e+05,TRUE,98
10,0,0,0,10.9380505396065,10.9208200158495,25.8771092039897,0,25.9094667153353,0,"chi","un",33,1000,0.5,0,0,0,FALSE,0,FALSE,101,"leave-1",1000,0.5,1e+05,TRUE,98
10,0,0,0,10.9380505396065,10.9444026898965,25.8771092039897,0,25.8891276909366,0,"chi","un",33,1000,0.5,0,0,0,FALSE,0,FALSE,101,"leave-1",1000,0.5,1e+05,TRUE,98
10,0,0,0,10.9380505396065,10.7885032815503,25.8771092039897,0,25.9119251818556,0,"chi","un",33,1000,0.5,0,0,0,FALSE,0,FALSE,101,"leave-1",1000,0.5,1e+05,TRUE,98
10,0,0,0,10.9380505396065,10.9484381682382,25.8771092039897,0,25.8876587270642,0,"chi","un",33,1000,0.5,0,0,0,FALSE,0,FALSE,101,"leave-1",1000,0.5,1e+05,TRUE,98
10,0,0,0,10.9380505396065,10.9376183489952,25.8771092039897,0,25.9945468537047,0,"chi","un",33,1000,0.5,0,0,0,FALSE,0,FALSE,101,"leave-1",1000,0.5,1e+05,TRUE,98
10,0,0,0,10.9380505396065,10.9360077768268,25.8771092039897,0,25.8755831241906,0,"chi","un",33,1000,0.5,0,0,0,FALSE,0,FALSE,101,"leave-1",1000,0.5,1e+05,TRUE,98
10,0,0,0,10.9380505396065,10.9477868446989,25.8771092039897,0,25.9084595470106,0,"chi","un",33,1000,0.5,0,0,0,FALSE,0,FALSE,101,"leave-1",1000,0.5,1e+05,TRUE,98
10,0,0,0,10.9380505396065,10.9386162843148,25.8771092039897,0,25.9429796665873,0,"chi","un",33,1000,0.5,0,0,0,FALSE,0,FALSE,101,"leave-1",1000,0.5,1e+05,TRUE,98
10,0,0,0,10.9380505396065,10.9435383009833,25.8771092039897,0,25.8705827931512,0,"chi","un",33,1000,0.5,0,0,0,FALSE,0,FALSE,101,"leave-1",1000,0.5,1e+05,TRUE,98
10,0,0,0,10.9380505396065,10.9330167450817,25.8771092039897,0,25.8458855660796,0,"chi","un",33,1000,0.5,0,0,0,FALSE,0,FALSE,101,"leave-1",1000,0.5,1e+05,TRUE,98
10,0,0,0,10.9380505396065,10.9434236526889,25.8771092039897,0,25.8854087154763,0,"chi","un",33,1000,0.5,0,0,0,FALSE,0,FALSE,101,"leave-1",1000,0.5,1e+05,TRUE,98
10,0,0,0,10.9380505396065,10.9449860950371,25.8771092039897,0,25.8393835444349,0,"chi","un",33,1000,0.5,0,0,0,FALSE,0,FALSE,101,"leave-1",1000,0.5,1e+05,TRUE,98
10,0,0,0,10.9380505396065,10.9494481848492,25.8771092039897,0,25.8985601485765,0,"chi","un",33,1000,0.5,0,0,0,FALSE,0,FALSE,101,"leave-1",1000,0.5,1e+05,TRUE,98
10,0,0,0,10.9380505396065,10.9502646839,25.8771092039897,0,25.8876832349528,0,"chi","un",33,1000,0.5,0,0,0,FALSE,0,FALSE,101,"leave-1",1000,0.5,1e+05,TRUE,98
10,0,0,0,10.9380505396065,10.9505863593905,25.8771092039897,0,25.8818375357607,0,"chi","un",33,1000,0.5,0,0,0,FALSE,0,FALSE,101,"leave-1",1000,0.5,1e+05,TRUE,98
10,0,0,0,10.9380505396065,10.9459265528981,25.8771092039897,0,25.8666820361163,0,"chi","un",33,1000,0.5,0,0,0,FALSE,0,FALSE,101,"leave-1",1000,0.5,1e+05,TRUE,98
10,0,0,0,10.9380505396065,10.9045128549071,25.8771092039897,0,25.8443842561294,0,"chi","un",33,1000,0.5,0,0,0,FALSE,0,FALSE,101,"leave-1",1000,0.5,1e+05,TRUE,98
10,0,0,0,10.9380505396065,10.9420558456969,25.8771092039897,0,25.7979102459254,0,"chi","un",33,1000,0.5,0,0,0,FALSE,0,FALSE,101,"leave-1",1000,0.5,1e+05,TRUE,98
10,0,0,0,10.9380505396065,10.9494917010493,25.8771092039897,0,25.9282850461122,0,"chi","un",33,1000,0.5,0,0,0,FALSE,0,FALSE,101,"leave-1",1000,0.5,1e+05,TRUE,98
10,0,0,0,10.9380505396065,10.948669633595,25.8771092039897,0,25.8739603778779,0,"chi","un",33,1000,0.5,0,0,0,FALSE,0,FALSE,101,"leave-1",1000,0.5,1e+05,TRUE,98
10,0,0,0,10.9380505396065,10.9250898502281,25.8771092039897,0,25.8362518077805,0,"chi","un",33,1000,0.5,0,0,0,FALSE,0,FALSE,101,"leave-1",1000,0.5,1e+05,TRUE,98
10,0,0,0,10.9380505396065,10.943604460859,25.8771092039897,0,25.8859205009161,0,"chi","un",33,1000,0.5,0,0,0,FALSE,0,FALSE,101,"leave-1",1000,0.5,1e+05,TRUE,98
10,0,0,0,10.9380505396065,10.9471412909042,25.8771092039897,0,25.9094328115643,0,"chi","un",33,1000,0.5,0,0,0,FALSE,0,FALSE,101,"leave-1",1000,0.5,1e+05,TRUE,98
10,0,0,0,10.9380505396065,10.9602994790852,25.8771092039897,0,25.9019546433468,0,"chi","un",33,1000,0.5,0,0,0,FALSE,0,FALSE,101,"leave-1",1000,0.5,1e+05,TRUE,98
10,0,0,0,10.9380505396065,10.9362516985988,25.8771092039897,0,25.8994853282139,0,"chi","un",33,1000,0.5,0,0,0,FALSE,0,FALSE,101,"leave-1",1000,0.5,1e+05,TRUE,98
10,0,0,0,10.9380505396065,10.9443305711801,25.8771092039897,0,25.8771447475945,0,"chi","un",33,1000,0.5,0,0,0,FALSE,0,FALSE,101,"leave-1",1000,0.5,1e+05,TRUE,98
10,0,0,0,10.9380505396065,10.9421548837802,25.8771092039897,0,25.910589640512,0,"chi","un",33,1000,0.5,0,0,0,FALSE,0,FALSE,101,"leave-1",1000,0.5,1e+05,TRUE,98
10,0,0,0,10.9380505396065,10.9487287830235,25.8771092039897,0,25.8960950884793,0,"chi","un",33,1000,0.5,0,0,0,FALSE,0,FALSE,101,"leave-1",1000,0.5,1e+05,TRUE,98
10,0,0,0,10.9380505396065,10.9512213728463,25.8771092039897,0,25.9145787887403,0,"chi","un",33,1000,0.5,0,0,0,FALSE,0,FALSE,101,"leave-1",1000,0.5,1e+05,TRUE,98
10,0,0,0,10.9380505396065,10.9604310211496,25.8771092039897,0,25.8792244615389,0,"chi","un",33,1000,0.5,0,0,0,FALSE,0,FALSE,101,"leave-1",1000,0.5,1e+05,TRUE,98
10,0,0,0,10.9380505396065,10.9426216451211,25.8771092039897,0,25.7957218825821,0,"chi","un",33,1000,0.5,0,0,0,FALSE,0,FALSE,101,"leave-1",1000,0.5,1e+05,TRUE,98
10,0,0,0,10.9380505396065,10.9396353730186,25.8771092039897,0,25.8794531328999,0,"chi","un",33,1000,0.5,0,0,0,FALSE,0,FALSE,101,"leave-1",1000,0.5,1e+05,TRUE,98
10,0,0,0,10.9380505396065,10.9513409608756,25.8771092039897,0,25.8983710074707,0,"chi","un",33,1000,0.5,0,0,0,FALSE,0,FALSE,101,"leave-1",1000,0.5,1e+05,TRUE,98
10,0,0,0,10.9380505396065,10.9469128897002,25.8771092039897,0,25.8995490684797,0,"chi","un",33,1000,0.5,0,0,0,FALSE,0,FALSE,101,"leave-1",1000,0.5,1e+05,TRUE,98
10,0,0,0,10.9380505396065,10.9660946712765,25.8771092039897,0,25.9767811605703,0,"chi","un",33,1000,0.5,0,0,0,FALSE,0,FALSE,101,"leave-1",1000,0.5,1e+05,TRUE,98
10,0,0,0,10.9380505396065,10.9563579652841,25.8771092039897,0,25.9460843623227,0,"chi","un",33,1000,0.5,0,0,0,FALSE,0,FALSE,101,"leave-1",1000,0.5,1e+05,TRUE,98
10,0,0,0,10.9380505396065,10.9244028711782,25.8771092039897,0,25.9734161902758,0,"chi","un",33,1000,0.5,0,0,0,FALSE,0,FALSE,101,"leave-1",1000,0.5,1e+05,TRUE,98
10,0,0,0,10.9380505396065,10.9489051777872,25.8771092039897,0,25.8545605271598,0,"chi","un",33,1000,0.5,0,0,0,FALSE,0,FALSE,101,"leave-1",1000,0.5,1e+05,TRUE,98
10,0,0,0,10.9380505396065,10.9390786052109,25.8771092039897,0,25.7773500727639,0,"chi","un",33,1000,0.5,0,0,0,FALSE,0,FALSE,101,"leave-1",1000,0.5,1e+05,TRUE,98
10,0,0,0,10.9380505396065,10.9490270928149,25.8771092039897,0,25.8376506229747,0,"chi","un",33,1000,0.5,0,0,0,FALSE,0,FALSE,101,"leave-1",1000,0.5,1e+05,TRUE,98
10,0,0,0,10.9380505396065,10.9322971545182,25.8771092039897,0,25.7456884033901,0,"chi","un",33,1000,0.5,0,0,0,FALSE,0,FALSE,101,"leave-1",1000,0.5,1e+05,TRUE,98
10,0,0,0,10.9380505396065,10.9393493205434,25.8771092039897,0,25.8728166941718,0,"chi","un",33,1000,0.5,0,0,0,FALSE,0,FALSE,101,"leave-1",1000,0.5,1e+05,TRUE,98
10,0,0,0,10.9380505396065,10.9481534255528,25.8771092039897,0,25.9043685838659,0,"chi","un",33,1000,0.5,0,0,0,FALSE,0,FALSE,101,"leave-1",1000,0.5,1e+05,TRUE,98
10,0,0,0,10.9380505396065,10.9513090614227,25.8771092039897,0,25.8748556222833,0,"chi","un",33,1000,0.5,0,0,0,FALSE,0,FALSE,101,"leave-1",1000,0.5,1e+05,TRUE,98
10,0,0,0,10.9380505396065,10.9434340402876,25.8771092039897,0,25.8551944921107,0,"chi","un",33,1000,0.5,0,0,0,FALSE,0,FALSE,101,"leave-1",1000,0.5,1e+05,TRUE,98
10,0,0,0,10.9380505396065,10.9026122038648,25.8771092039897,0,25.7917510397667,0,"chi","un",33,1000,0.5,0,0,0,FALSE,0,FALSE,101,"leave-1",1000,0.5,1e+05,TRUE,98
10,0,0,0,10.9380505396065,10.9449734836026,25.8771092039897,0,25.873888934939,0,"chi","un",33,1000,0.5,0,0,0,FALSE,0,FALSE,101,"leave-1",1000,0.5,1e+05,TRUE,98
10,0,0,0,10.9380505396065,10.9437921717831,25.8771092039897,0,25.9609388057567,0,"chi","un",33,1000,0.5,0,0,0,FALSE,0,FALSE,101,"leave-1",1000,0.5,1e+05,TRUE,98
10,0,0,0,10.9380505396065,10.9766424002744,25.8771092039897,0,25.8235258255715,0,"chi","un",33,1000,0.5,0,0,0,FALSE,0,FALSE,101,"leave-1",1000,0.5,1e+05,TRUE,98
10,0,0,0,10.9380505396065,10.9488065028332,25.8771092039897,0,25.8936897362048,0,"chi","un",33,1000,0.5,0,0,0,FALSE,0,FALSE,101,"leave-1",1000,0.5,1e+05,TRUE,98
10,0,0,0,10.9380505396065,10.9502180360995,25.8771092039897,0,25.9075210622631,0,"chi","un",33,1000,0.5,0,0,0,FALSE,0,FALSE,101,"leave-1",1000,0.5,1e+05,TRUE,98
10,0,0,0,10.9380505396065,10.9547197163326,25.8771092039897,0,25.9050755135219,0,"chi","un",33,1000,0.5,0,0,0,FALSE,0,FALSE,101,"leave-1",1000,0.5,1e+05,TRUE,98
10,0,0,0,10.9380505396065,10.9395995277642,25.8771092039897,0,25.8685168586354,0,"chi","un",33,1000,0.5,0,0,0,FALSE,0,FALSE,101,"leave-1",1000,0.5,1e+05,TRUE,98
10,0,0,0,10.9380505396065,10.9444724195466,25.8771092039897,0,25.8924569003014,0,"chi","un",33,1000,0.5,0,0,0,FALSE,0,FALSE,101,"leave-1",1000,0.5,1e+05,TRUE,98
10,0,0,0,10.9380505396065,10.8774909248472,25.8771092039897,0,25.7861588126184,0,"chi","un",33,1000,0.5,0,0,0,FALSE,0,FALSE,101,"leave-1",1000,0.5,1e+05,TRUE,98
10,0,0,0,10.9380505396065,10.7408711676201,25.8771092039897,0,25.6330503319722,0,"chi","un",33,1000,0.5,0,0,0,FALSE,0,FALSE,101,"leave-1",1000,0.5,1e+05,TRUE,98
10,0,0,0,10.9380505396065,10.9459467390943,25.8771092039897,0,25.9350519993601,0,"chi","un",33,1000,0.5,0,0,0,FALSE,0,FALSE,101,"leave-1",1000,0.5,1e+05,TRUE,98
10,0,0,0,10.9380505396065,10.9438533262022,25.8771092039897,0,25.8786088268266,0,"chi","un",33,1000,0.5,0,0,0,FALSE,0,FALSE,101,"leave-1",1000,0.5,1e+05,TRUE,98
10,0,0,0,10.9380505396065,10.9433599981543,25.8771092039897,0,25.7179420406727,0,"chi","un",33,1000,0.5,0,0,0,FALSE,0,FALSE,101,"leave-1",1000,0.5,1e+05,TRUE,98
10,0,0,0,10.9380505396065,10.9448406308416,25.8771092039897,0,25.8815915091835,0,"chi","un",33,1000,0.5,0,0,0,FALSE,0,FALSE,101,"leave-1",1000,0.5,1e+05,TRUE,98
10,0,0,0,10.9380505396065,10.9455006728851,25.8771092039897,0,25.7291706895459,0,"chi","un",33,1000,0.5,0,0,0,FALSE,0,FALSE,101,"leave-1",1000,0.5,1e+05,TRUE,98
10,0,0,0,10.9380505396065,10.9172989021738,25.8771092039897,0,25.7657843464297,0,"chi","un",33,1000,0.5,0,0,0,FALSE,0,FALSE,101,"leave-1",1000,0.5,1e+05,TRUE,98
10,0,0,0,10.9380505396065,10.9408069506071,25.8771092039897,0,25.9115844113289,0,"chi","un",33,1000,0.5,0,0,0,FALSE,0,FALSE,101,"leave-1",1000,0.5,1e+05,TRUE,98
10,0,0,0,10.9380505396065,10.9459109929963,25.8771092039897,0,25.9512298240012,0,"chi","un",33,1000,0.5,0,0,0,FALSE,0,FALSE,101,"leave-1",1000,0.5,1e+05,TRUE,98
10,0,0,0,10.9380505396065,10.7550734115349,25.8771092039897,0,25.7111101053745,0,"chi","un",33,1000,0.5,0,0,0,FALSE,0,FALSE,101,"leave-1",1000,0.5,1e+05,TRUE,98
10,0,0,0,10.9380505396065,10.950075006717,25.8771092039897,0,25.8766334777298,0,"chi","un",33,1000,0.5,0,0,0,FALSE,0,FALSE,101,"leave-1",1000,0.5,1e+05,TRUE,98
10,0,0,0,10.9380505396065,10.9314566640037,25.8771092039897,0,25.7567342057603,0,"chi","un",33,1000,0.5,0,0,0,FALSE,0,FALSE,101,"leave-1",1000,0.5,1e+05,TRUE,98
10,0,0,0,10.9380505396065,10.9211195433273,25.8771092039897,0,25.8906897208484,0,"chi","un",33,1000,0.5,0,0,0,FALSE,0,FALSE,101,"leave-1",1000,0.5,1e+05,TRUE,98
10,0,0,0,10.9380505396065,10.9551208888654,25.8771092039897,0,25.8801873245072,0,"chi","un",33,1000,0.5,0,0,0,FALSE,0,FALSE,101,"leave-1",1000,0.5,1e+05,TRUE,98
10,0,0,0,10.9380505396065,10.9826134590331,25.8771092039897,0,26.0245765587142,0,"chi","un",33,1000,0.5,0,0,0,FALSE,0,FALSE,101,"leave-1",1000,0.5,1e+05,TRUE,98
10,0,0,0,10.9380505396065,10.5751357277233,25.8771092039897,0,24.9224639820461,0,"chi","un",33,1000,0.5,0,0,0,FALSE,0,FALSE,101,"leave-1",1000,0.5,1e+05,TRUE,98
10,0,0,0,10.9380505396065,10.9401449944101,25.8771092039897,0,25.8517667374252,0,"chi","un",33,1000,0.5,0,0,0,FALSE,0,FALSE,101,"leave-1",1000,0.5,1e+05,TRUE,98
10,0,0,0,10.9380505396065,10.9320218131037,25.8771092039897,0,25.8058224158042,0,"chi","un",33,1000,0.5,0,0,0,FALSE,0,FALSE,101,"leave-1",1000,0.5,1e+05,TRUE,98
10,0,0,0,10.9380505396065,10.958013195967,25.8771092039897,0,26.0945270562876,0,"chi","un",33,1000,0.5,0,0,0,FALSE,0,FALSE,101,"leave-1",1000,0.5,1e+05,TRUE,98
10,0,0,0,10.9380505396065,10.956797103428,25.8771092039897,0,25.8302835186049,0,"chi","un",33,1000,0.5,0,0,0,FALSE,0,FALSE,101,"leave-1",1000,0.5,1e+05,TRUE,98
10,0,0,0,10.9380505396065,10.928611406778,25.8771092039897,0,25.9265267345079,0,"chi","un",33,1000,0.5,0,0,0,FALSE,0,FALSE,101,"leave-1",1000,0.5,1e+05,TRUE,98
10,0,0,0,10.9380505396065,10.8242156058703,25.8771092039897,0,25.6967230843624,0,"chi","un",33,1000,0.5,0,0,0,FALSE,0,FALSE,101,"leave-1",1000,0.5,1e+05,TRUE,98
10,0,0,0,10.9380505396065,10.9504839300998,25.8771092039897,0,25.9084413599053,0,"chi","un",33,1000,0.5,0,0,0,FALSE,0,FALSE,101,"leave-1",1000,0.5,1e+05,TRUE,98
10,0,0,0,10.9380505396065,10.9356814228319,25.8771092039897,0,25.6751741266895,0,"chi","un",33,1000,0.5,0,0,0,FALSE,0,FALSE,101,"leave-1",1000,0.5,1e+05,TRUE,98
10,0,0,0,10.9380505396065,10.9584297572097,25.8771092039897,0,26.1466030851222,0,"chi","un",33,1000,0.5,0,0,0,FALSE,0,FALSE,101,"leave-1",1000,0.5,1e+05,TRUE,98
10,0,0,0,10.9380505396065,10.9467331425609,25.8771092039897,0,25.9041775993437,0,"chi","un",33,1000,0.5,0,0,0,FALSE,0,FALSE,101,"leave-1",1000,0.5,1e+05,TRUE,98
10,0,0,0,10.9380505396065,10.9535675754116,25.8771092039897,0,25.8541916037175,0,"chi","un",33,1000,0.5,0,0,0,FALSE,0,FALSE,101,"leave-1",1000,0.5,1e+05,TRUE,98
10,0,0,0,10.9380505396065,10.9464896022755,25.8771092039897,0,25.9029092680976,0,"chi","un",33,1000,0.5,0,0,0,FALSE,0,FALSE,101,"leave-1",1000,0.5,1e+05,TRUE,98
10,0,0,0,10.9380505396065,10.938494014473,25.8771092039897,0,25.7330729867817,0,"chi","un",33,1000,0.5,0,0,0,FALSE,0,FALSE,101,"leave-1",1000,0.5,1e+05,TRUE,98
10,0,0,0,10.9380505396065,10.9205774602373,25.8771092039897,0,25.7691932105572,0,"chi","un",33,1000,0.5,0,0,0,FALSE,0,FALSE,101,"leave-1",1000,0.5,1e+05,TRUE,98
10,0,0,0,10.9380505396065,10.9478656423188,25.8771092039897,0,25.8927968468683,0,"chi","un",33,1000,0.5,0,0,0,FALSE,0,FALSE,101,"leave-1",1000,0.5,1e+05,TRUE,98
10,0,0,0,10.9380505396065,10.9400153988723,25.8771092039897,0,25.8645286732983,0,"chi","un",33,1000,0.5,0,0,0,FALSE,0,FALSE,101,"leave-1",1000,0.5,1e+05,TRUE,98
10,0,0,0,10.9380505396065,10.9302080655236,25.8771092039897,0,25.9273893166131,0,"chi","un",33,1000,0.5,0,0,0,FALSE,0,FALSE,101,"leave-1",1000,0.5,1e+05,TRUE,98
10,0,0,0,10.9380505396065,10.9305019063818,25.8771092039897,0,25.8798631782922,0,"chi","un",33,1000,0.5,0,0,0,FALSE,0,FALSE,101,"leave-1",1000,0.5,1e+05,TRUE,98
10,0,0,0,10.9380505396065,10.8330265019147,25.8771092039897,0,25.6196510740144,0,"chi","un",33,1000,0.5,0,0,0,FALSE,0,FALSE,101,"leave-1",1000,0.5,1e+05,TRUE,98
10,0,0,0,10.9380505396065,10.9279736210825,25.8771092039897,0,25.9488151073645,0,"chi","un",33,1000,0.5,0,0,0,FALSE,0,FALSE,101,"leave-1",1000,0.5,1e+05,TRUE,98
10,0,0,0,10.9380505396065,10.9318171951056,25.8771092039897,0,25.8671491882774,0,"chi","un",33,1000,0.5,0,0,0,FALSE,0,FALSE,101,"leave-1",1000,0.5,1e+05,TRUE,98
10,0,0,0,10.9380505396065,10.9363558960644,25.8771092039897,0,25.890986823244,0,"chi","un",33,1000,0.5,0,0,0,FALSE,0,FALSE,101,"leave-1",1000,0.5,1e+05,TRUE,98
10,0,0,0,10.9380505396065,10.93520531848,25.8771092039897,0,25.7317934145832,0,"chi","un",33,1000,0.5,0,0,0,FALSE,0,FALSE,101,"leave-1",1000,0.5,1e+05,TRUE,98
10,0,0,0,10.9380505396065,10.9516468456586,25.8771092039897,0,25.9023692701591,0,"chi","un",33,1000,0.5,0,0,0,FALSE,0,FALSE,101,"leave-1",1000,0.5,1e+05,TRUE,98
10,0,0,0,10.9380505396065,10.9844610033491,25.8771092039897,0,25.5755980151808,0,"chi","un",33,1000,0.5,0,0,0,FALSE,0,FALSE,101,"leave-1",1000,0.5,1e+05,TRUE,98
10,0,0,0,10.9380505396065,10.9535376916169,25.8771092039897,0,25.9003744694469,0,"chi","un",33,1000,0.5,0,0,0,FALSE,0,FALSE,101,"leave-1",1000,0.5,1e+05,TRUE,98
10,0,0,0,10.9380505396065,10.9371263434369,25.8771092039897,0,25.8038464929899,0,"chi","un",33,1000,0.5,0,0,0,FALSE,0,FALSE,101,"leave-1",1000,0.5,1e+05,TRUE,98
10,0,0,0,10.9380505396065,10.9594390743492,25.8771092039897,0,25.8454957608426,0,"chi","un",33,1000,0.5,0,0,0,FALSE,0,FALSE,101,"leave-1",1000,0.5,1e+05,TRUE,98
10,0,0,0,10.9380505396065,10.9522059914344,25.8771092039897,0,25.8775113538844,0,"chi","un",33,1000,0.5,0,0,0,FALSE,0,FALSE,101,"leave-1",1000,0.5,1e+05,TRUE,98
10,0,0,0,10.9380505396065,10.8251149359317,25.8771092039897,0,25.8532568417071,0,"chi","un",33,1000,0.5,0,0,0,FALSE,0,FALSE,101,"leave-1",1000,0.5,1e+05,TRUE,98
10,0,0,0,10.9380505396065,10.9462846845714,25.8771092039897,0,25.8802618151707,0,"chi","un",33,1000,0.5,0,0,0,FALSE,0,FALSE,101,"leave-1",1000,0.5,1e+05,TRUE,98
10,0,0,0,10.9380505396065,10.9486434370782,25.8771092039897,0,25.8704065745968,0,"chi","un",33,1000,0.5,0,0,0,FALSE,0,FALSE,101,"leave-1",1000,0.5,1e+05,TRUE,98
10,0,0,0,10.9380505396065,10.9526473421626,25.8771092039897,0,25.9275489710453,0,"chi","un",33,1000,0.5,0,0,0,FALSE,0,FALSE,101,"leave-1",1000,0.5,1e+05,TRUE,98
10,0,0,0,10.9380505396065,10.9764251458062,25.8771092039897,0,25.9633884860084,0,"chi","un",33,1000,0.5,0,0,0,FALSE,0,FALSE,101,"leave-1",1000,0.5,1e+05,TRUE,98
10,0,0,0,10.9380505396065,10.9507652804345,25.8771092039897,0,25.8284328353083,0,"chi","un",33,1000,0.5,0,0,0,FALSE,0,FALSE,101,"leave-1",1000,0.5,1e+05,TRUE,98
10,0,0,0,10.9380505396065,10.969445487652,25.8771092039897,0,26.1695714441105,0,"chi","un",33,1000,0.5,0,0,0,FALSE,0,FALSE,101,"leave-1",1000,0.5,1e+05,TRUE,98
10,0,0,0,10.9380505396065,10.9503205251847,25.8771092039897,0,26.0167612276759,0,"chi","un",33,1000,0.5,0,0,0,FALSE,0,FALSE,101,"leave-1",1000,0.5,1e+05,TRUE,98
10,0,0,0,10.9380505396065,10.9402691829813,25.8771092039897,0,25.8750443909881,0,"chi","un",33,1000,0.5,0,0,0,FALSE,0,FALSE,101,"leave-1",1000,0.5,1e+05,TRUE,98
10,0,0,0,10.9380505396065,10.9437499307483,25.8771092039897,0,25.8055020300254,0,"chi","un",33,1000,0.5,0,0,0,FALSE,0,FALSE,101,"leave-1",1000,0.5,1e+05,TRUE,98
10,0,0,0,10.9380505396065,10.9498773205358,25.8771092039897,0,25.8902518184122,0,"chi","un",33,1000,0.5,0,0,0,FALSE,0,FALSE,101,"leave-1",1000,0.5,1e+05,TRUE,98
10,0,0,0,10.9380505396065,10.9491925812266,25.8771092039897,0,25.9503311820257,0,"chi","un",33,1000,0.5,0,0,0,FALSE,0,FALSE,101,"leave-1",1000,0.5,1e+05,TRUE,98
10,0,0,0,10.9380505396065,10.9500933773786,25.8771092039897,0,25.8140096003882,0,"chi","un",33,1000,0.5,0,0,0,FALSE,0,FALSE,101,"leave-1",1000,0.5,1e+05,TRUE,98
10,0,0,0,10.9380505396065,10.9313013609956,25.8771092039897,0,25.8850248361474,0,"chi","un",33,1000,0.5,0,0,0,FALSE,0,FALSE,101,"leave-1",1000,0.5,1e+05,TRUE,98
10,0,0,0,10.9380505396065,10.9536009425404,25.8771092039897,0,25.8017918184026,0,"chi","un",33,1000,0.5,0,0,0,FALSE,0,FALSE,101,"leave-1",1000,0.5,1e+05,TRUE,98
10,0,0,0,10.9380505396065,10.9474755387892,25.8771092039897,0,25.941264793614,0,"chi","un",33,1000,0.5,0,0,0,FALSE,0,FALSE,101,"leave-1",1000,0.5,1e+05,TRUE,98
10,0,0,0,10.9380505396065,10.9602839954633,25.8771092039897,0,25.9309673982918,0,"chi","un",33,1000,0.5,0,0,0,FALSE,0,FALSE,101,"leave-1",1000,0.5,1e+05,TRUE,98
10,0,0,0,10.9380505396065,10.9578131072775,25.8771092039897,0,25.9205331427781,0,"chi","un",33,1000,0.5,0,0,0,FALSE,0,FALSE,101,"leave-1",1000,0.5,1e+05,TRUE,98
10,0,0,0,10.9380505396065,10.9371239074146,25.8771092039897,0,25.830861100534,0,"chi","un",33,1000,0.5,0,0,0,FALSE,0,FALSE,101,"leave-1",1000,0.5,1e+05,TRUE,98
10,0,0,0,10.9380505396065,10.957512857612,25.8771092039897,0,25.6937905533135,0,"chi","un",33,1000,0.5,0,0,0,FALSE,0,FALSE,101,"leave-1",1000,0.5,1e+05,TRUE,98
10,0,0,0,10.9380505396065,10.9489383301067,25.8771092039897,0,25.886906671583,0,"chi","un",33,1000,0.5,0,0,0,FALSE,0,FALSE,101,"leave-1",1000,0.5,1e+05,TRUE,98
10,0,0,0,10.9380505396065,10.939625835626,25.8771092039897,0,25.8531418216556,0,"chi","un",33,1000,0.5,0,0,0,FALSE,0,FALSE,101,"leave-1",1000,0.5,1e+05,TRUE,98
10,0,0,0,10.9380505396065,10.9327839815344,25.8771092039897,0,25.8603114357748,0,"chi","un",33,1000,0.5,0,0,0,FALSE,0,FALSE,101,"leave-1",1000,0.5,1e+05,TRUE,98
10,0,0,0,10.9380505396065,10.9285383960923,25.8771092039897,0,25.8911407335086,0,"chi","un",33,1000,0.5,0,0,0,FALSE,0,FALSE,101,"leave-1",1000,0.5,1e+05,TRUE,98
10,0,0,0,10.9380505396065,10.9278774052378,25.8771092039897,0,25.6862060629492,0,"chi","un",33,1000,0.5,0,0,0,FALSE,0,FALSE,101,"leave-1",1000,0.5,1e+05,TRUE,98
10,0,0,0,10.9380505396065,10.948583133047,25.8771092039897,0,25.8879950494154,0,"chi","un",33,1000,0.5,0,0,0,FALSE,0,FALSE,101,"leave-1",1000,0.5,1e+05,TRUE,98
10,0,0,0,10.9380505396065,10.9094843995651,25.8771092039897,0,25.8631726577264,0,"chi","un",33,1000,0.5,0,0,0,FALSE,0,FALSE,101,"leave-1",1000,0.5,1e+05,TRUE,98
10,0,0,0,10.9380505396065,10.9463231157172,25.8771092039897,0,25.9337415297972,0,"chi","un",33,1000,0.5,0,0,0,FALSE,0,FALSE,101,"leave-1",1000,0.5,1e+05,TRUE,98
10,0,0,0,10.9380505396065,10.9443966488694,25.8771092039897,0,25.8597593418925,0,"chi","un",33,1000,0.5,0,0,0,FALSE,0,FALSE,101,"leave-1",1000,0.5,1e+05,TRUE,98
10,0,0,0,10.9380505396065,10.9756514478801,25.8771092039897,0,26.0994068354582,0,"chi","un",33,1000,0.5,0,0,0,FALSE,0,FALSE,101,"leave-1",1000,0.5,1e+05,TRUE,98
10,0,0,0,10.9380505396065,10.9555768652866,25.8771092039897,0,25.9605296770579,0,"chi","un",33,1000,0.5,0,0,0,FALSE,0,FALSE,101,"leave-1",1000,0.5,1e+05,TRUE,98
10,0,0,0,10.9380505396065,10.9336141613057,25.8771092039897,0,25.9144380096223,0,"chi","un",33,1000,0.5,0,0,0,FALSE,0,FALSE,101,"leave-1",1000,0.5,1e+05,TRUE,98
10,0,0,0,10.9380505396065,10.9146901994576,25.8771092039897,0,25.979454186401,0,"chi","un",33,1000,0.5,0,0,0,FALSE,0,FALSE,101,"leave-1",1000,0.5,1e+05,TRUE,98
10,0,0,0,10.9380505396065,10.9661705476236,25.8771092039897,0,25.9389654806396,0,"chi","un",33,1000,0.5,0,0,0,FALSE,0,FALSE,101,"leave-1",1000,0.5,1e+05,TRUE,98
10,0,0,0,10.9380505396065,10.9584658937997,25.8771092039897,0,25.9528589760987,0,"chi","un",33,1000,0.5,0,0,0,FALSE,0,FALSE,101,"leave-1",1000,0.5,1e+05,TRUE,98
10,0,0,0,10.9380505396065,10.9106828385979,25.8771092039897,0,25.8203908182532,0,"chi","un",33,1000,0.5,0,0,0,FALSE,0,FALSE,101,"leave-1",1000,0.5,1e+05,TRUE,98
10,0,0,0,10.9380505396065,10.9482735276567,25.8771092039897,0,25.8848166089792,0,"chi","un",33,1000,0.5,0,0,0,FALSE,0,FALSE,101,"leave-1",1000,0.5,1e+05,TRUE,98
10,0,0,0,10.9380505396065,10.9504908033604,25.8771092039897,0,25.8576554541495,0,"chi","un",33,1000,0.5,0,0,0,FALSE,0,FALSE,101,"leave-1",1000,0.5,1e+05,TRUE,98
10,0,0,0,10.9380505396065,10.9438458443699,25.8771092039897,0,25.8989688783542,0,"chi","un",33,1000,0.5,0,0,0,FALSE,0,FALSE,101,"leave-1",1000,0.5,1e+05,TRUE,98
10,0,0,0,10.9380505396065,10.9479405792029,25.8771092039897,0,25.8444449256285,0,"chi","un",33,1000,0.5,0,0,0,FALSE,0,FALSE,101,"leave-1",1000,0.5,1e+05,TRUE,98
10,0,0,0,10.9380505396065,10.9293250024729,25.8771092039897,0,25.8666183720572,0,"chi","un",33,1000,0.5,0,0,0,FALSE,0,FALSE,101,"leave-1",1000,0.5,1e+05,TRUE,98
10,0,0,0,10.9380505396065,10.9466480362715,25.8771092039897,0,25.8761354468816,0,"chi","un",33,1000,0.5,0,0,0,FALSE,0,FALSE,101,"leave-1",1000,0.5,1e+05,TRUE,98
10,0,0,0,10.9380505396065,10.9192234675139,25.8771092039897,0,25.7639415781328,0,"chi","un",33,1000,0.5,0,0,0,FALSE,0,FALSE,101,"leave-1",1000,0.5,1e+05,TRUE,98
10,0,0,0,10.9380505396065,10.9268118242059,25.8771092039897,0,25.8841460873381,0,"chi","un",33,1000,0.5,0,0,0,FALSE,0,FALSE,101,"leave-1",1000,0.5,1e+05,TRUE,98
10,0,0,0,10.9380505396065,10.9507802139287,25.8771092039897,0,25.7693445547454,0,"chi","un",33,1000,0.5,0,0,0,FALSE,0,FALSE,101,"leave-1",1000,0.5,1e+05,TRUE,98
10,0,0,0,10.9380505396065,10.9484729371372,25.8771092039897,0,25.9092532872549,0,"chi","un",33,1000,0.5,0,0,0,FALSE,0,FALSE,101,"leave-1",1000,0.5,1e+05,TRUE,98
10,0,0,0,10.9380505396065,10.9395302523386,25.8771092039897,0,25.8862945899938,0,"chi","un",33,1000,0.5,0,0,0,FALSE,0,FALSE,101,"leave-1",1000,0.5,1e+05,TRUE,98
10,0,0,0,10.9380505396065,10.8957874583009,25.8771092039897,0,25.9553246253808,0,"chi","un",33,1000,0.5,0,0,0,FALSE,0,FALSE,101,"leave-1",1000,0.5,1e+05,TRUE,98
10,0,0,0,10.9380505396065,10.9439596576853,25.8771092039897,0,25.9002745622146,0,"chi","un",33,1000,0.5,0,0,0,FALSE,0,FALSE,101,"leave-1",1000,0.5,1e+05,TRUE,98
10,0,0,0,10.9380505396065,10.9365401410259,25.8771092039897,0,25.8692533914732,0,"chi","un",33,1000,0.5,0,0,0,FALSE,0,FALSE,101,"leave-1",1000,0.5,1e+05,TRUE,98
10,0,0,0,10.9380505396065,10.9484673108291,25.8771092039897,0,25.8494161586446,0,"chi","un",33,1000,0.5,0,0,0,FALSE,0,FALSE,101,"leave-1",1000,0.5,1e+05,TRUE,98
10,0,0,0,10.9380505396065,10.9295356943664,25.8771092039897,0,25.8415975292051,0,"chi","un",33,1000,0.5,0,0,0,FALSE,0,FALSE,101,"leave-1",1000,0.5,1e+05,TRUE,98
10,0,0,0,10.9380505396065,10.9485357227138,25.8771092039897,0,25.8781975250691,0,"chi","un",33,1000,0.5,0,0,0,FALSE,0,FALSE,101,"leave-1",1000,0.5,1e+05,TRUE,98
10,0,0,0,10.9380505396065,10.9394371831766,25.8771092039897,0,25.8666706045802,0,"chi","un",33,1000,0.5,0,0,0,FALSE,0,FALSE,101,"leave-1",1000,0.5,1e+05,TRUE,98
10,0,0,0,10.9380505396065,10.9594029400585,25.8771092039897,0,25.8483201900764,0,"chi","un",33,1000,0.5,0,0,0,FALSE,0,FALSE,101,"leave-1",1000,0.5,1e+05,TRUE,98
10,0,0,0,10.9380505396065,10.9645787039107,25.8771092039897,0,25.8758367066575,0,"chi","un",33,1000,0.5,0,0,0,FALSE,0,FALSE,101,"leave-1",1000,0.5,1e+05,TRUE,98
10,0,0,0,10.9380505396065,10.9367470868871,25.8771092039897,0,25.8287845392017,0,"chi","un",33,1000,0.5,0,0,0,FALSE,0,FALSE,101,"leave-1",1000,0.5,1e+05,TRUE,98
10,0,0,0,10.9380505396065,10.9547798361651,25.8771092039897,0,25.9044877337372,0,"chi","un",33,1000,0.5,0,0,0,FALSE,0,FALSE,101,"leave-1",1000,0.5,1e+05,TRUE,98
10,0,0,0,10.9380505396065,10.947854193806,25.8771092039897,0,25.8782269861736,0,"chi","un",33,1000,0.5,0,0,0,FALSE,0,FALSE,101,"leave-1",1000,0.5,1e+05,TRUE,98
10,0,0,0,10.9380505396065,10.9645083670176,25.8771092039897,0,25.8576420893503,0,"chi","un",33,1000,0.5,0,0,0,FALSE,0,FALSE,101,"leave-1",1000,0.5,1e+05,TRUE,98
10,0,0,0,10.9380505396065,10.9569165511278,25.8771092039897,0,25.4935610415554,0,"chi","un",33,1000,0.5,0,0,0,FALSE,0,FALSE,101,"leave-1",1000,0.5,1e+05,TRUE,98
10,0,0,0,10.9380505396065,10.9397484747849,25.8771092039897,0,25.9093724732923,0,"chi","un",33,1000,0.5,0,0,0,FALSE,0,FALSE,101,"leave-1",1000,0.5,1e+05,TRUE,98
10,0,0,0,10.9380505396065,10.9487572426738,25.8771092039897,0,25.9346167251037,0,"chi","un",33,1000,0.5,0,0,0,FALSE,0,FALSE,101,"leave-1",1000,0.5,1e+05,TRUE,98
10,0,0,0,10.9380505396065,10.955754581941,25.8771092039897,0,25.907812350365,0,"chi","un",33,1000,0.5,0,0,0,FALSE,0,FALSE,101,"leave-1",1000,0.5,1e+05,TRUE,98
10,0,0,0,10.9380505396065,10.9455523053514,25.8771092039897,0,25.8873140731261,0,"chi","un",33,1000,0.5,0,0,0,FALSE,0,FALSE,101,"leave-1",1000,0.5,1e+05,TRUE,98
10,0,0,0,10.9380505396065,10.9718040130413,25.8771092039897,0,25.7502467421882,0,"chi","un",33,1000,0.5,0,0,0,FALSE,0,FALSE,101,"leave-1",1000,0.5,1e+05,TRUE,98
10,0,0,0,10.9380505396065,10.9398778487764,25.8771092039897,0,25.8941600228875,0,"chi","un",33,1000,0.5,0,0,0,FALSE,0,FALSE,101,"leave-1",1000,0.5,1e+05,TRUE,98
10,0,0,0,10.9380505396065,10.9755306264915,25.8771092039897,0,26.1094883760658,0,"chi","un",33,1000,0.5,0,0,0,FALSE,0,FALSE,101,"leave-1",1000,0.5,1e+05,TRUE,98
10,0,0,0,10.9380505396065,10.9448737917163,25.8771092039897,0,25.7757909321334,0,"chi","un",33,1000,0.5,0,0,0,FALSE,0,FALSE,101,"leave-1",1000,0.5,1e+05,TRUE,98
10,0,0,0,10.9380505396065,10.9449299752638,25.8771092039897,0,25.8683458353143,0,"chi","un",33,1000,0.5,0,0,0,FALSE,0,FALSE,101,"leave-1",1000,0.5,1e+05,TRUE,98
10,0,0,0,10.9380505396065,10.9608401903518,25.8771092039897,0,25.8640111384133,0,"chi","un",33,1000,0.5,0,0,0,FALSE,0,FALSE,101,"leave-1",1000,0.5,1e+05,TRUE,98
10,0,0,0,10.9380505396065,10.8914146766047,25.8771092039897,0,25.9611198821575,0,"chi","un",33,1000,0.5,0,0,0,FALSE,0,FALSE,101,"leave-1",1000,0.5,1e+05,TRUE,98
10,0,0,0,10.9380505396065,10.9523687000633,25.8771092039897,0,25.877478844001,0,"chi","un",33,1000,0.5,0,0,0,FALSE,0,FALSE,101,"leave-1",1000,0.5,1e+05,TRUE,98
10,0,0,0,10.9380505396065,10.9511762810221,25.8771092039897,0,25.8820545224836,0,"chi","un",33,1000,0.5,0,0,0,FALSE,0,FALSE,101,"leave-1",1000,0.5,1e+05,TRUE,98
10,0,0,0,10.9380505396065,10.9032654559766,25.8771092039897,0,26.056675041844,0,"chi","un",33,1000,0.5,0,0,0,FALSE,0,FALSE,101,"leave-1",1000,0.5,1e+05,TRUE,98
10,0,0,0,10.9380505396065,10.9533474976655,25.8771092039897,0,25.7909330658123,0,"chi","un",33,1000,0.5,0,0,0,FALSE,0,FALSE,101,"leave-1",1000,0.5,1e+05,TRUE,98
10,0,0,0,10.9380505396065,10.96401951304,25.8771092039897,0,25.8103557606899,0,"chi","un",33,1000,0.5,0,0,0,FALSE,0,FALSE,101,"leave-1",1000,0.5,1e+05,TRUE,98
10,0,0,0,10.9380505396065,10.9392644005196,25.8771092039897,0,25.8831030283047,0,"chi","un",33,1000,0.5,0,0,0,FALSE,0,FALSE,101,"leave-1",1000,0.5,1e+05,TRUE,98
10,0,0,0,10.9380505396065,10.9395600989981,25.8771092039897,0,25.8771144418953,0,"chi","un",33,1000,0.5,0,0,0,FALSE,0,FALSE,101,"leave-1",1000,0.5,1e+05,TRUE,98
10,0,0,0,10.9380505396065,10.9480516037839,25.8771092039897,0,25.8537339803076,0,"chi","un",33,1000,0.5,0,0,0,FALSE,0,FALSE,101,"leave-1",1000,0.5,1e+05,TRUE,98
10,0,0,0,10.9380505396065,10.9484899407138,25.8771092039897,0,25.8429016028752,0,"chi","un",33,1000,0.5,0,0,0,FALSE,0,FALSE,101,"leave-1",1000,0.5,1e+05,TRUE,98
10,0,0,0,10.9380505396065,10.9439734049923,25.8771092039897,0,25.8844766068236,0,"chi","un",33,1000,0.5,0,0,0,FALSE,0,FALSE,101,"leave-1",1000,0.5,1e+05,TRUE,98
10,0,0,0,10.9380505396065,10.931373144146,25.8771092039897,0,25.8443820195887,0,"chi","un",33,1000,0.5,0,0,0,FALSE,0,FALSE,101,"leave-1",1000,0.5,1e+05,TRUE,98
10,0,0,0,10.9380505396065,10.9366459920621,25.8771092039897,0,25.8719802352029,0,"chi","un",33,1000,0.5,0,0,0,FALSE,0,FALSE,101,"leave-1",1000,0.5,1e+05,TRUE,98
10,0,0,0,10.9380505396065,10.809444344494,25.8771092039897,0,24.9870732294005,0,"chi","un",33,1000,0.5,0,0,0,FALSE,0,FALSE,101,"leave-1",1000,0.5,1e+05,TRUE,98
10,0,0,0,10.9380505396065,10.9527284037738,25.8771092039897,0,25.90284149311,0,"chi","un",33,1000,0.5,0,0,0,FALSE,0,FALSE,101,"leave-1",1000,0.5,1e+05,TRUE,98
10,0,0,0,10.9380505396065,10.9256084140328,25.8771092039897,0,25.9022628370684,0,"chi","un",33,1000,0.5,0,0,0,FALSE,0,FALSE,101,"leave-1",1000,0.5,1e+05,TRUE,98
10,0,0,0,10.9380505396065,10.94836614753,25.8771092039897,0,25.883145024308,0,"chi","un",33,1000,0.5,0,0,0,FALSE,0,FALSE,101,"leave-1",1000,0.5,1e+05,TRUE,98
10,0,0,0,10.9380505396065,10.9166687822724,25.8771092039897,0,25.8251014131791,0,"chi","un",33,1000,0.5,0,0,0,FALSE,0,FALSE,101,"leave-1",1000,0.5,1e+05,TRUE,98
10,0,0,0,10.9380505396065,10.9569287332353,25.8771092039897,0,25.8243495024573,0,"chi","un",33,1000,0.5,0,0,0,FALSE,0,FALSE,101,"leave-1",1000,0.5,1e+05,TRUE,98
10,0,0,0,10.9380505396065,10.9162493406064,25.8771092039897,0,25.6995534421178,0,"chi","un",33,1000,0.5,0,0,0,FALSE,0,FALSE,101,"leave-1",1000,0.5,1e+05,TRUE,98
10,0,0,0,10.9380505396065,10.9261671744032,25.8771092039897,0,25.8839301439927,0,"chi","un",33,1000,0.5,0,0,0,FALSE,0,FALSE,101,"leave-1",1000,0.5,1e+05,TRUE,98
10,0,0,0,10.9380505396065,10.9561033692257,25.8771092039897,0,25.7790450512532,0,"chi","un",33,1000,0.5,0,0,0,FALSE,0,FALSE,101,"leave-1",1000,0.5,1e+05,TRUE,98
10,0,0,0,10.9380505396065,10.9555692672735,25.8771092039897,0,25.8838636050508,0,"chi","un",33,1000,0.5,0,0,0,FALSE,0,FALSE,101,"leave-1",1000,0.5,1e+05,TRUE,98
10,0,0,0,10.9380505396065,10.9395195527311,25.8771092039897,0,25.9036067108235,0,"chi","un",33,1000,0.5,0,0,0,FALSE,0,FALSE,101,"leave-1",1000,0.5,1e+05,TRUE,98
10,0,0,0,10.9380505396065,10.9187689572977,25.8771092039897,0,25.9173622217847,0,"chi","un",33,1000,0.5,0,0,0,FALSE,0,FALSE,101,"leave-1",1000,0.5,1e+05,TRUE,98
10,0,0,0,10.9380505396065,10.9537623698838,25.8771092039897,0,25.9013931786991,0,"chi","un",33,1000,0.5,0,0,0,FALSE,0,FALSE,101,"leave-1",1000,0.5,1e+05,TRUE,98
10,0,0,0,10.9380505396065,10.952581098203,25.8771092039897,0,25.9408951481199,0,"chi","un",33,1000,0.5,0,0,0,FALSE,0,FALSE,101,"leave-1",1000,0.5,1e+05,TRUE,98
10,0,0,0,10.9380505396065,10.9501774094781,25.8771092039897,0,25.8763108373432,0,"chi","un",33,1000,0.5,0,0,0,FALSE,0,FALSE,101,"leave-1",1000,0.5,1e+05,TRUE,98
10,0,0,0,10.9380505396065,10.9489806509617,25.8771092039897,0,25.9529120691929,0,"chi","un",33,1000,0.5,0,0,0,FALSE,0,FALSE,101,"leave-1",1000,0.5,1e+05,TRUE,98
10,0,0,0,10.9380505396065,10.948886220819,25.8771092039897,0,25.8682151393344,0,"chi","un",33,1000,0.5,0,0,0,FALSE,0,FALSE,101,"leave-1",1000,0.5,1e+05,TRUE,98
10,0,0,0,10.9380505396065,10.9446094313683,25.8771092039897,0,25.8742185486067,0,"chi","un",33,1000,0.5,0,0,0,FALSE,0,FALSE,101,"leave-1",1000,0.5,1e+05,TRUE,98
10,0,0,0,10.9380505396065,10.9530508752516,25.8771092039897,0,25.9160875464692,0,"chi","un",33,1000,0.5,0,0,0,FALSE,0,FALSE,101,"leave-1",1000,0.5,1e+05,TRUE,98
10,0,0,0,10.9380505396065,10.9588963964851,25.8771092039897,0,25.8153899709034,0,"chi","un",33,1000,0.5,0,0,0,FALSE,0,FALSE,101,"leave-1",1000,0.5,1e+05,TRUE,98
10,0,0,0,10.9380505396065,10.948185737981,25.8771092039897,0,25.9231449688191,0,"chi","un",33,1000,0.5,0,0,0,FALSE,0,FALSE,101,"leave-1",1000,0.5,1e+05,TRUE,98
10,0,0,0,10.9380505396065,10.9522886409171,25.8771092039897,0,25.9360175860004,0,"chi","un",33,1000,0.5,0,0,0,FALSE,0,FALSE,101,"leave-1",1000,0.5,1e+05,TRUE,98
10,0,0,0,10.9380505396065,10.9505150448892,25.8771092039897,0,25.9289349129306,0,"chi","un",33,1000,0.5,0,0,0,FALSE,0,FALSE,101,"leave-1",1000,0.5,1e+05,TRUE,98
10,0,0,0,10.9380505396065,10.9388433742396,25.8771092039897,0,25.8751376093542,0,"chi","un",33,1000,0.5,0,0,0,FALSE,0,FALSE,101,"leave-1",1000,0.5,1e+05,TRUE,98
10,0,0,0,10.9380505396065,10.9485089906286,25.8771092039897,0,25.8882960890153,0,"chi","un",33,1000,0.5,0,0,0,FALSE,0,FALSE,101,"leave-1",1000,0.5,1e+05,TRUE,98
10,0,0,0,10.9380505396065,10.9461586855495,25.8771092039897,0,25.89806705653,0,"chi","un",33,1000,0.5,0,0,0,FALSE,0,FALSE,101,"leave-1",1000,0.5,1e+05,TRUE,98
10,0,0,0,10.9380505396065,10.9510132587394,25.8771092039897,0,25.9569247997142,0,"chi","un",33,1000,0.5,0,0,0,FALSE,0,FALSE,101,"leave-1",1000,0.5,1e+05,TRUE,98
10,0,0,0,10.9380505396065,10.9509459952177,25.8771092039897,0,25.8725740681027,0,"chi","un",33,1000,0.5,0,0,0,FALSE,0,FALSE,101,"leave-1",1000,0.5,1e+05,TRUE,98
10,0,0,0,10.9380505396065,10.8940058005129,25.8771092039897,0,25.8647920659177,0,"chi","un",33,1000,0.5,0,0,0,FALSE,0,FALSE,101,"leave-1",1000,0.5,1e+05,TRUE,98
10,0,0,0,10.9380505396065,10.9547269597242,25.8771092039897,0,25.9753559313363,0,"chi","un",33,1000,0.5,0,0,0,FALSE,0,FALSE,101,"leave-1",1000,0.5,1e+05,TRUE,98
10,0,0,0,10.9380505396065,10.9567268117092,25.8771092039897,0,25.9704992314995,0,"chi","un",33,1000,0.5,0,0,0,FALSE,0,FALSE,101,"leave-1",1000,0.5,1e+05,TRUE,98
10,0,0,0,10.9380505396065,10.9351442117353,25.8771092039897,0,25.8489890695912,0,"chi","un",33,1000,0.5,0,0,0,FALSE,0,FALSE,101,"leave-1",1000,0.5,1e+05,TRUE,98
10,0,0,0,10.9380505396065,10.9481972760265,25.8771092039897,0,25.8797075768881,0,"chi","un",33,1000,0.5,0,0,0,FALSE,0,FALSE,101,"leave-1",1000,0.5,1e+05,TRUE,98
10,0,0,0,10.9380505396065,10.9393581278251,25.8771092039897,0,25.657220823003,0,"chi","un",33,1000,0.5,0,0,0,FALSE,0,FALSE,101,"leave-1",1000,0.5,1e+05,TRUE,98
10,0,0,0,10.9380505396065,10.8981001235309,25.8771092039897,0,25.8612642083325,0,"chi","un",33,1000,0.5,0,0,0,FALSE,0,FALSE,101,"leave-1",1000,0.5,1e+05,TRUE,98
10,0,0,0,10.9380505396065,10.9768578429902,25.8771092039897,0,26.0407471964537,0,"chi","un",33,1000,0.5,0,0,0,FALSE,0,FALSE,101,"leave-1",1000,0.5,1e+05,TRUE,98
10,0,0,0,10.9380505396065,10.9412919309913,25.8771092039897,0,25.803677926572,0,"chi","un",33,1000,0.5,0,0,0,FALSE,0,FALSE,101,"leave-1",1000,0.5,1e+05,TRUE,98
10,0,0,0,10.9380505396065,10.9464512338641,25.8771092039897,0,25.8968709378271,0,"chi","un",33,1000,0.5,0,0,0,FALSE,0,FALSE,101,"leave-1",1000,0.5,1e+05,TRUE,98
10,0,0,0,10.9380505396065,10.8197264033199,25.8771092039897,0,25.5219010900326,0,"chi","un",33,1000,0.5,0,0,0,FALSE,0,FALSE,101,"leave-1",1000,0.5,1e+05,TRUE,98
10,0,0,0,10.9380505396065,10.9474936773673,25.8771092039897,0,25.8692171328355,0,"chi","un",33,1000,0.5,0,0,0,FALSE,0,FALSE,101,"leave-1",1000,0.5,1e+05,TRUE,98
10,0,0,0,10.9380505396065,10.9572861775346,25.8771092039897,0,25.9504228084805,0,"chi","un",33,1000,0.5,0,0,0,FALSE,0,FALSE,101,"leave-1",1000,0.5,1e+05,TRUE,98
10,0,0,0,10.9380505396065,10.9702481377519,25.8771092039897,0,26.1003997625749,0,"chi","un",33,1000,0.5,0,0,0,FALSE,0,FALSE,101,"leave-1",1000,0.5,1e+05,TRUE,98
10,0,0,0,10.9380505396065,10.9405133630364,25.8771092039897,0,25.8734125451311,0,"chi","un",33,1000,0.5,0,0,0,FALSE,0,FALSE,101,"leave-1",1000,0.5,1e+05,TRUE,98
10,0,0,0,10.9380505396065,10.6597556815109,25.8771092039897,0,25.5246916836454,0,"chi","un",33,1000,0.5,0,0,0,FALSE,0,FALSE,101,"leave-1",1000,0.5,1e+05,TRUE,98
10,0,0,0,10.9380505396065,10.9433593360125,25.8771092039897,0,25.8389205172206,0,"chi","un",33,1000,0.5,0,0,0,FALSE,0,FALSE,101,"leave-1",1000,0.5,1e+05,TRUE,98
10,0,0,0,10.9380505396065,10.9501009359039,25.8771092039897,0,25.8963891532109,0,"chi","un",33,1000,0.5,0,0,0,FALSE,0,FALSE,101,"leave-1",1000,0.5,1e+05,TRUE,98
10,0,0,0,10.9380505396065,10.9268810487841,25.8771092039897,0,25.8767029930116,0,"chi","un",33,1000,0.5,0,0,0,FALSE,0,FALSE,101,"leave-1",1000,0.5,1e+05,TRUE,98
10,0,0,0,10.9380505396065,10.9060468014103,25.8771092039897,0,25.9268946110077,0,"chi","un",33,1000,0.5,0,0,0,FALSE,0,FALSE,101,"leave-1",1000,0.5,1e+05,TRUE,98
10,0,0,0,10.9380505396065,10.9321255641545,25.8771092039897,0,25.8499890404475,0,"chi","un",33,1000,0.5,0,0,0,FALSE,0,FALSE,101,"leave-1",1000,0.5,1e+05,TRUE,98
10,0,0,0,10.9380505396065,10.948124089234,25.8771092039897,0,25.8204982501752,0,"chi","un",33,1000,0.5,0,0,0,FALSE,0,FALSE,101,"leave-1",1000,0.5,1e+05,TRUE,98
10,0,0,0,10.9380505396065,10.9246331623716,25.8771092039897,0,25.8346872902324,0,"chi","un",33,1000,0.5,0,0,0,FALSE,0,FALSE,101,"leave-1",1000,0.5,1e+05,TRUE,98
10,0,0,0,10.9380505396065,10.9323273413085,25.8771092039897,0,25.4286910427673,0,"chi","un",33,1000,0.5,0,0,0,FALSE,0,FALSE,101,"leave-1",1000,0.5,1e+05,TRUE,98
10,0,0,0,10.9380505396065,10.9085164886375,25.8771092039897,0,25.8129516732735,0,"chi","un",33,1000,0.5,0,0,0,FALSE,0,FALSE,101,"leave-1",1000,0.5,1e+05,TRUE,98
10,0,0,0,10.9380505396065,10.9594255200504,25.8771092039897,0,25.8488990322216,0,"chi","un",33,1000,0.5,0,0,0,FALSE,0,FALSE,101,"leave-1",1000,0.5,1e+05,TRUE,98
10,0,0,0,10.9380505396065,10.937789507683,25.8771092039897,0,25.965392629603,0,"chi","un",33,1000,0.5,0,0,0,FALSE,0,FALSE,101,"leave-1",1000,0.5,1e+05,TRUE,98
10,0,0,0,10.9380505396065,10.9508326696011,25.8771092039897,0,25.9223359808037,0,"chi","un",33,1000,0.5,0,0,0,FALSE,0,FALSE,101,"leave-1",1000,0.5,1e+05,TRUE,98
10,0,0,0,10.9380505396065,10.9308716482323,25.8771092039897,0,25.8314863774206,0,"chi","un",33,1000,0.5,0,0,0,FALSE,0,FALSE,101,"leave-1",1000,0.5,1e+05,TRUE,98
10,0,0,0,10.9380505396065,10.9458073067333,25.8771092039897,0,25.8874800288557,0,"chi","un",33,1000,0.5,0,0,0,FALSE,0,FALSE,101,"leave-1",1000,0.5,1e+05,TRUE,98
10,0,0,0,10.9380505396065,10.9467324323343,25.8771092039897,0,25.4346949096957,0,"chi","un",33,1000,0.5,0,0,0,FALSE,0,FALSE,101,"leave-1",1000,0.5,1e+05,TRUE,98
10,0,0,0,10.9380505396065,10.9476100668875,25.8771092039897,0,25.9000879037813,0,"chi","un",33,1000,0.5,0,0,0,FALSE,0,FALSE,101,"leave-1",1000,0.5,1e+05,TRUE,98
10,0,0,0,10.9380505396065,10.9057610147017,25.8771092039897,0,25.8080796499712,0,"chi","un",33,1000,0.5,0,0,0,FALSE,0,FALSE,101,"leave-1",1000,0.5,1e+05,TRUE,98
10,0,0,0,10.9380505396065,10.948543774848,25.8771092039897,0,25.8565093475856,0,"chi","un",33,1000,0.5,0,0,0,FALSE,0,FALSE,101,"leave-1",1000,0.5,1e+05,TRUE,98
10,0,0,0,10.9380505396065,10.9564870633535,25.8771092039897,0,25.8429581795411,0,"chi","un",33,1000,0.5,0,0,0,FALSE,0,FALSE,101,"leave-1",1000,0.5,1e+05,TRUE,98
10,0,0,0,10.9380505396065,10.9527111119569,25.8771092039897,0,25.8296165399321,0,"chi","un",33,1000,0.5,0,0,0,FALSE,0,FALSE,101,"leave-1",1000,0.5,1e+05,TRUE,98
10,0,0,0,10.9380505396065,10.9455164366509,25.8771092039897,0,25.894283242183,0,"chi","un",33,1000,0.5,0,0,0,FALSE,0,FALSE,101,"leave-1",1000,0.5,1e+05,TRUE,98
10,0,0,0,10.9380505396065,10.9220835396614,25.8771092039897,0,25.8124766675145,0,"chi","un",33,1000,0.5,0,0,0,FALSE,0,FALSE,101,"leave-1",1000,0.5,1e+05,TRUE,98
10,0,0,0,10.9380505396065,10.9540572063135,25.8771092039897,0,25.9528797422027,0,"chi","un",33,1000,0.5,0,0,0,FALSE,0,FALSE,101,"leave-1",1000,0.5,1e+05,TRUE,98
10,0,0,0,10.9380505396065,10.8879312687722,25.8771092039897,0,25.8138663356239,0,"chi","un",33,1000,0.5,0,0,0,FALSE,0,FALSE,101,"leave-1",1000,0.5,1e+05,TRUE,98
10,0,0,0,10.9380505396065,10.9497330547846,25.8771092039897,0,25.9167216627785,0,"chi","un",33,1000,0.5,0,0,0,FALSE,0,FALSE,101,"leave-1",1000,0.5,1e+05,TRUE,98
10,0,0,0,10.9380505396065,10.9459382666034,25.8771092039897,0,25.8550680371451,0,"chi","un",33,1000,0.5,0,0,0,FALSE,0,FALSE,101,"leave-1",1000,0.5,1e+05,TRUE,98
10,0,0,0,10.9380505396065,10.8775920651409,25.8771092039897,0,25.8130317746293,0,"chi","un",33,1000,0.5,0,0,0,FALSE,0,FALSE,101,"leave-1",1000,0.5,1e+05,TRUE,98
10,0,0,0,10.9380505396065,10.9138799827727,25.8771092039897,0,25.9127555655989,0,"chi","un",33,1000,0.5,0,0,0,FALSE,0,FALSE,101,"leave-1",1000,0.5,1e+05,TRUE,98
10,0,0,0,10.9380505396065,10.9344472501398,25.8771092039897,0,25.9535612247274,0,"chi","un",33,1000,0.5,0,0,0,FALSE,0,FALSE,101,"leave-1",1000,0.5,1e+05,TRUE,98
10,0,0,0,10.9380505396065,10.9608297481412,25.8771092039897,0,25.9416596778511,0,"chi","un",33,1000,0.5,0,0,0,FALSE,0,FALSE,101,"leave-1",1000,0.5,1e+05,TRUE,98
10,0,0,0,10.9380505396065,10.9478427383791,25.8771092039897,0,25.8887219322405,0,"chi","un",33,1000,0.5,0,0,0,FALSE,0,FALSE,101,"leave-1",1000,0.5,1e+05,TRUE,98
10,0,0,0,10.9380505396065,10.92820399394,25.8771092039897,0,25.7662636442442,0,"chi","un",33,1000,0.5,0,0,0,FALSE,0,FALSE,101,"leave-1",1000,0.5,1e+05,TRUE,98
10,0,0,0,10.9380505396065,10.9518090178214,25.8771092039897,0,25.9622616144052,0,"chi","un",33,1000,0.5,0,0,0,FALSE,0,FALSE,101,"leave-1",1000,0.5,1e+05,TRUE,98
10,0,0,0,10.9380505396065,10.8993062131551,25.8771092039897,0,25.8761291312513,0,"chi","un",33,1000,0.5,0,0,0,FALSE,0,FALSE,101,"leave-1",1000,0.5,1e+05,TRUE,98
10,0,0,0,10.9380505396065,10.9106929119164,25.8771092039897,0,25.8533649531079,0,"chi","un",33,1000,0.5,0,0,0,FALSE,0,FALSE,101,"leave-1",1000,0.5,1e+05,TRUE,98
10,0,0,0,10.9380505396065,10.9671901193397,25.8771092039897,0,26.3114611538854,0,"chi","un",33,1000,0.5,0,0,0,FALSE,0,FALSE,101,"leave-1",1000,0.5,1e+05,TRUE,98
10,0,0,0,10.9380505396065,10.9409544126244,25.8771092039897,0,25.9047740579708,0,"chi","un",33,1000,0.5,0,0,0,FALSE,0,FALSE,101,"leave-1",1000,0.5,1e+05,TRUE,98
10,0,0,0,10.9380505396065,10.9344585575414,25.8771092039897,0,25.8156341439384,0,"chi","un",33,1000,0.5,0,0,0,FALSE,0,FALSE,101,"leave-1",1000,0.5,1e+05,TRUE,98
10,0,0,0,10.9380505396065,10.9488823305638,25.8771092039897,0,26.0801870494003,0,"chi","un",33,1000,0.5,0,0,0,FALSE,0,FALSE,101,"leave-1",1000,0.5,1e+05,TRUE,98
10,0,0,0,10.9380505396065,10.9354716690675,25.8771092039897,0,25.9479164603331,0,"chi","un",33,1000,0.5,0,0,0,FALSE,0,FALSE,101,"leave-1",1000,0.5,1e+05,TRUE,98
10,0,0,0,10.9380505396065,10.9651631229544,25.8771092039897,0,25.8824579268974,0,"chi","un",33,1000,0.5,0,0,0,FALSE,0,FALSE,101,"leave-1",1000,0.5,1e+05,TRUE,98
10,0,0,0,10.9380505396065,10.9587518513305,25.8771092039897,0,25.7614395326822,0,"chi","un",33,1000,0.5,0,0,0,FALSE,0,FALSE,101,"leave-1",1000,0.5,1e+05,TRUE,98
10,0,0,0,10.9380505396065,10.9188313761955,25.8771092039897,0,25.7678773858176,0,"chi","un",33,1000,0.5,0,0,0,FALSE,0,FALSE,101,"leave-1",1000,0.5,1e+05,TRUE,98
10,0,0,0,10.9380505396065,10.9450746832977,25.8771092039897,0,25.8844377627093,0,"chi","un",33,1000,0.5,0,0,0,FALSE,0,FALSE,101,"leave-1",1000,0.5,1e+05,TRUE,98
10,0,0,0,10.9380505396065,10.9599448183692,25.8771092039897,0,26.0860783957349,0,"chi","un",33,1000,0.5,0,0,0,FALSE,0,FALSE,101,"leave-1",1000,0.5,1e+05,TRUE,98
10,0,0,0,10.9380505396065,10.9512315097938,25.8771092039897,0,26.0072564856566,0,"chi","un",33,1000,0.5,0,0,0,FALSE,0,FALSE,101,"leave-1",1000,0.5,1e+05,TRUE,98
10,0,0,0,10.9380505396065,10.9531311758254,25.8771092039897,0,25.9022366685632,0,"chi","un",33,1000,0.5,0,0,0,FALSE,0,FALSE,101,"leave-1",1000,0.5,1e+05,TRUE,98
10,0,0,0,10.9380505396065,10.9628852839082,25.8771092039897,0,26.0485266251945,0,"chi","un",33,1000,0.5,0,0,0,FALSE,0,FALSE,101,"leave-1",1000,0.5,1e+05,TRUE,98
10,0,0,0,10.9380505396065,10.9729001522554,25.8771092039897,0,24.1884920534906,0,"chi","un",33,1000,0.5,0,0,0,FALSE,0,FALSE,101,"leave-1",1000,0.5,1e+05,TRUE,98
10,0,0,0,10.9380505396065,10.9492432984564,25.8771092039897,0,25.9106077767137,0,"chi","un",33,1000,0.5,0,0,0,FALSE,0,FALSE,101,"leave-1",1000,0.5,1e+05,TRUE,98
10,0,0,0,10.9380505396065,10.9417388509587,25.8771092039897,0,25.8696450907489,0,"chi","un",33,1000,0.5,0,0,0,FALSE,0,FALSE,101,"leave-1",1000,0.5,1e+05,TRUE,98
10,0,0,0,10.9380505396065,10.9740785168689,25.8771092039897,0,26.2318807134651,0,"chi","un",33,1000,0.5,0,0,0,FALSE,0,FALSE,101,"leave-1",1000,0.5,1e+05,TRUE,98
10,0,0,0,10.9380505396065,10.9413063565074,25.8771092039897,0,25.8656827269278,0,"chi","un",33,1000,0.5,0,0,0,FALSE,0,FALSE,101,"leave-1",1000,0.5,1e+05,TRUE,98
10,0,0,0,10.9380505396065,10.8270158627127,25.8771092039897,0,25.5961372093051,0,"chi","un",33,1000,0.5,0,0,0,FALSE,0,FALSE,101,"leave-1",1000,0.5,1e+05,TRUE,98
10,0,0,0,10.9380505396065,10.9144342546678,25.8771092039897,0,25.7296434754661,0,"chi","un",33,1000,0.5,0,0,0,FALSE,0,FALSE,101,"leave-1",1000,0.5,1e+05,TRUE,98
10,0,0,0,10.9380505396065,10.9439822905339,25.8771092039897,0,25.9057268973275,0,"chi","un",33,1000,0.5,0,0,0,FALSE,0,FALSE,101,"leave-1",1000,0.5,1e+05,TRUE,98
10,0,0,0,10.9380505396065,10.9517906191927,25.8771092039897,0,25.9057453099182,0,"chi","un",33,1000,0.5,0,0,0,FALSE,0,FALSE,101,"leave-1",1000,0.5,1e+05,TRUE,98
10,0,0,0,10.9380505396065,10.9433698715669,25.8771092039897,0,25.8982013336576,0,"chi","un",33,1000,0.5,0,0,0,FALSE,0,FALSE,101,"leave-1",1000,0.5,1e+05,TRUE,98
10,0,0,0,10.9380505396065,10.9475586491968,25.8771092039897,0,25.8968489766629,0,"chi","un",33,1000,0.5,0,0,0,FALSE,0,FALSE,101,"leave-1",1000,0.5,1e+05,TRUE,98
10,0,0,0,10.9380505396065,10.8734310101951,25.8771092039897,0,25.9401212801422,0,"chi","un",33,1000,0.5,0,0,0,FALSE,0,FALSE,101,"leave-1",1000,0.5,1e+05,TRUE,98
10,0,0,0,10.9380505396065,10.9486493295122,25.8771092039897,0,25.8734248253184,0,"chi","un",33,1000,0.5,0,0,0,FALSE,0,FALSE,101,"leave-1",1000,0.5,1e+05,TRUE,98
10,0,0,0,10.9380505396065,10.9057961975326,25.8771092039897,0,26.0321679377121,0,"chi","un",33,1000,0.5,0,0,0,FALSE,0,FALSE,101,"leave-1",1000,0.5,1e+05,TRUE,98
10,0,0,0,10.9380505396065,10.9398411132429,25.8771092039897,0,25.8436102603506,0,"chi","un",33,1000,0.5,0,0,0,FALSE,0,FALSE,101,"leave-1",1000,0.5,1e+05,TRUE,98
10,0,0,0,10.9380505396065,10.949160003577,25.8771092039897,0,25.695430698752,0,"chi","un",33,1000,0.5,0,0,0,FALSE,0,FALSE,101,"leave-1",1000,0.5,1e+05,TRUE,98
10,0,0,0,10.9380505396065,10.9255615820586,25.8771092039897,0,25.903779423404,0,"chi","un",33,1000,0.5,0,0,0,FALSE,0,FALSE,101,"leave-1",1000,0.5,1e+05,TRUE,98
10,0,0,0,10.9380505396065,10.9363638905589,25.8771092039897,0,25.8945838649642,0,"chi","un",33,1000,0.5,0,0,0,FALSE,0,FALSE,101,"leave-1",1000,0.5,1e+05,TRUE,98
10,0,0,0,10.9380505396065,10.9225987467458,25.8771092039897,0,25.8698187816608,0,"chi","un",33,1000,0.5,0,0,0,FALSE,0,FALSE,101,"leave-1",1000,0.5,1e+05,TRUE,98
10,0,0,0,10.9380505396065,10.951133615882,25.8771092039897,0,25.8982218112935,0,"chi","un",33,1000,0.5,0,0,0,FALSE,0,FALSE,101,"leave-1",1000,0.5,1e+05,TRUE,98
10,0,0,0,10.9380505396065,10.9481696343819,25.8771092039897,0,25.876821562603,0,"chi","un",33,1000,0.5,0,0,0,FALSE,0,FALSE,101,"leave-1",1000,0.5,1e+05,TRUE,98
10,0,0,0,10.9380505396065,10.9300757051211,25.8771092039897,0,26.039741670429,0,"chi","un",33,1000,0.5,0,0,0,FALSE,0,FALSE,101,"leave-1",1000,0.5,1e+05,TRUE,98
10,0,0,0,10.9380505396065,10.9456030509102,25.8771092039897,0,25.8515749015389,0,"chi","un",33,1000,0.5,0,0,0,FALSE,0,FALSE,101,"leave-1",1000,0.5,1e+05,TRUE,98
10,0,0,0,10.9380505396065,10.9389026435411,25.8771092039897,0,25.8367038459924,0,"chi","un",33,1000,0.5,0,0,0,FALSE,0,FALSE,101,"leave-1",1000,0.5,1e+05,TRUE,98
10,0,0,0,10.9380505396065,10.9556311450669,25.8771092039897,0,25.9112531528086,0,"chi","un",33,1000,0.5,0,0,0,FALSE,0,FALSE,101,"leave-1",1000,0.5,1e+05,TRUE,98
10,0,0,0,10.9380505396065,10.8346481613106,25.8771092039897,0,25.7794778534199,0,"chi","un",33,1000,0.5,0,0,0,FALSE,0,FALSE,101,"leave-1",1000,0.5,1e+05,TRUE,98
10,0,0,0,10.9380505396065,10.9640039889635,25.8771092039897,0,25.830433317365,0,"chi","un",33,1000,0.5,0,0,0,FALSE,0,FALSE,101,"leave-1",1000,0.5,1e+05,TRUE,98
10,0,0,0,10.9380505396065,10.8899271275163,25.8771092039897,0,25.6509160029744,0,"chi","un",33,1000,0.5,0,0,0,FALSE,0,FALSE,101,"leave-1",1000,0.5,1e+05,TRUE,98
10,0,0,0,10.9380505396065,10.9677146141541,25.8771092039897,0,25.9372818296801,0,"chi","un",33,1000,0.5,0,0,0,FALSE,0,FALSE,101,"leave-1",1000,0.5,1e+05,TRUE,98
10,0,0,0,10.9380505396065,10.9511531132988,25.8771092039897,0,26.0100017730579,0,"chi","un",33,1000,0.5,0,0,0,FALSE,0,FALSE,101,"leave-1",1000,0.5,1e+05,TRUE,98
10,0,0,0,10.9380505396065,10.9225895189729,25.8771092039897,0,25.7743644597932,0,"chi","un",33,1000,0.5,0,0,0,FALSE,0,FALSE,101,"leave-1",1000,0.5,1e+05,TRUE,98
10,0,0,0,10.9380505396065,10.9497498776273,25.8771092039897,0,25.8412002806295,0,"chi","un",33,1000,0.5,0,0,0,FALSE,0,FALSE,101,"leave-1",1000,0.5,1e+05,TRUE,98
10,0,0,0,10.9380505396065,10.7564367127148,25.8771092039897,0,25.5516581756269,0,"chi","un",33,1000,0.5,0,0,0,FALSE,0,FALSE,101,"leave-1",1000,0.5,1e+05,TRUE,98
10,0,0,0,10.9380505396065,10.9584695651278,25.8771092039897,0,25.9987692123254,0,"chi","un",33,1000,0.5,0,0,0,FALSE,0,FALSE,101,"leave-1",1000,0.5,1e+05,TRUE,98
10,0,0,0,10.9380505396065,10.9669358402807,25.8771092039897,0,25.8562584240794,0,"chi","un",33,1000,0.5,0,0,0,FALSE,0,FALSE,101,"leave-1",1000,0.5,1e+05,TRUE,98
10,0,0,0,10.9380505396065,10.9470963903881,25.8771092039897,0,25.8518985952248,0,"chi","un",33,1000,0.5,0,0,0,FALSE,0,FALSE,101,"leave-1",1000,0.5,1e+05,TRUE,98
10,0,0,0,10.9380505396065,10.949279230429,25.8771092039897,0,25.9888369490875,0,"chi","un",33,1000,0.5,0,0,0,FALSE,0,FALSE,101,"leave-1",1000,0.5,1e+05,TRUE,98
10,0,0,0,10.9380505396065,10.9214113446308,25.8771092039897,0,25.8400301517585,0,"chi","un",33,1000,0.5,0,0,0,FALSE,0,FALSE,101,"leave-1",1000,0.5,1e+05,TRUE,98
10,0,0,0,10.9380505396065,10.94737926147,25.8771092039897,0,25.8766426262552,0,"chi","un",33,1000,0.5,0,0,0,FALSE,0,FALSE,101,"leave-1",1000,0.5,1e+05,TRUE,98
10,0,0,0,10.9380505396065,10.9476182561713,25.8771092039897,0,25.8738728326988,0,"chi","un",33,1000,0.5,0,0,0,FALSE,0,FALSE,101,"leave-1",1000,0.5,1e+05,TRUE,98
10,0,0,0,10.9380505396065,10.9486873764309,25.8771092039897,0,25.9301783288817,0,"chi","un",33,1000,0.5,0,0,0,FALSE,0,FALSE,101,"leave-1",1000,0.5,1e+05,TRUE,98
10,0,0,0,10.9380505396065,10.9108474057749,25.8771092039897,0,25.6596808995101,0,"chi","un",33,1000,0.5,0,0,0,FALSE,0,FALSE,101,"leave-1",1000,0.5,1e+05,TRUE,98
10,0,0,0,10.9380505396065,10.9613205994624,25.8771092039897,0,25.8802563054194,0,"chi","un",33,1000,0.5,0,0,0,FALSE,0,FALSE,101,"leave-1",1000,0.5,1e+05,TRUE,98
10,0,0,0,10.9380505396065,10.9670097196246,25.8771092039897,0,25.9579306935209,0,"chi","un",33,1000,0.5,0,0,0,FALSE,0,FALSE,101,"leave-1",1000,0.5,1e+05,TRUE,98
10,0,0,0,10.9380505396065,10.9266771158413,25.8771092039897,0,25.8461899424528,0,"chi","un",33,1000,0.5,0,0,0,FALSE,0,FALSE,101,"leave-1",1000,0.5,1e+05,TRUE,98
10,0,0,0,10.9380505396065,10.9547111012169,25.8771092039897,0,25.951988533396,0,"chi","un",33,1000,0.5,0,0,0,FALSE,0,FALSE,101,"leave-1",1000,0.5,1e+05,TRUE,98
10,0,0,0,10.9380505396065,10.9360906387118,25.8771092039897,0,25.8976832222598,0,"chi","un",33,1000,0.5,0,0,0,FALSE,0,FALSE,101,"leave-1",1000,0.5,1e+05,TRUE,98
10,0,0,0,10.9380505396065,10.890958601308,25.8771092039897,0,25.5788643987553,0,"chi","un",33,1000,0.5,0,0,0,FALSE,0,FALSE,101,"leave-1",1000,0.5,1e+05,TRUE,98
10,0,0,0,10.9380505396065,10.9903462095682,25.8771092039897,0,26.01703413073,0,"chi","un",33,1000,0.5,0,0,0,FALSE,0,FALSE,101,"leave-1",1000,0.5,1e+05,TRUE,98
10,0,0,0,10.9380505396065,10.9501539877472,25.8771092039897,0,25.8708219976258,0,"chi","un",33,1000,0.5,0,0,0,FALSE,0,FALSE,101,"leave-1",1000,0.5,1e+05,TRUE,98
10,0,0,0,10.9380505396065,10.8796671392399,25.8771092039897,0,25.8014863637969,0,"chi","un",33,1000,0.5,0,0,0,FALSE,0,FALSE,101,"leave-1",1000,0.5,1e+05,TRUE,98
10,0,0,0,10.9380505396065,10.9496614765929,25.8771092039897,0,25.8710554211291,0,"chi","un",33,1000,0.5,0,0,0,FALSE,0,FALSE,101,"leave-1",1000,0.5,1e+05,TRUE,98
10,0,0,0,10.9380505396065,10.9409894972694,25.8771092039897,0,25.8926562589115,0,"chi","un",33,1000,0.5,0,0,0,FALSE,0,FALSE,101,"leave-1",1000,0.5,1e+05,TRUE,98
10,0,0,0,10.9380505396065,10.9318254009849,25.8771092039897,0,25.8888483714496,0,"chi","un",33,1000,0.5,0,0,0,FALSE,0,FALSE,101,"leave-1",1000,0.5,1e+05,TRUE,98
10,0,0,0,10.9380505396065,10.9528804833679,25.8771092039897,0,25.8943202928002,0,"chi","un",33,1000,0.5,0,0,0,FALSE,0,FALSE,101,"leave-1",1000,0.5,1e+05,TRUE,98
10,0,0,0,10.9380505396065,10.9525274300196,25.8771092039897,0,25.8692661117124,0,"chi","un",33,1000,0.5,0,0,0,FALSE,0,FALSE,101,"leave-1",1000,0.5,1e+05,TRUE,98
10,0,0,0,10.9380505396065,10.9346591315113,25.8771092039897,0,25.8005888711577,0,"chi","un",33,1000,0.5,0,0,0,FALSE,0,FALSE,101,"leave-1",1000,0.5,1e+05,TRUE,98
10,0,0,0,10.9380505396065,10.9391487716397,25.8771092039897,0,25.8387966321415,0,"chi","un",33,1000,0.5,0,0,0,FALSE,0,FALSE,101,"leave-1",1000,0.5,1e+05,TRUE,98
10,0,0,0,10.9380505396065,10.9504973415164,25.8771092039897,0,25.8856901215116,0,"chi","un",33,1000,0.5,0,0,0,FALSE,0,FALSE,101,"leave-1",1000,0.5,1e+05,TRUE,98
10,0,0,0,10.9380505396065,10.9401295232674,25.8771092039897,0,25.8819586962862,0,"chi","un",33,1000,0.5,0,0,0,FALSE,0,FALSE,101,"leave-1",1000,0.5,1e+05,TRUE,98
10,0,0,0,10.9380505396065,10.9584279542145,25.8771092039897,0,25.8703855047666,0,"chi","un",33,1000,0.5,0,0,0,FALSE,0,FALSE,101,"leave-1",1000,0.5,1e+05,TRUE,98
10,0,0,0,10.9380505396065,10.9451338628208,25.8771092039897,0,25.8382927505688,0,"chi","un",33,1000,0.5,0,0,0,FALSE,0,FALSE,101,"leave-1",1000,0.5,1e+05,TRUE,98
10,0,0,0,10.9380505396065,10.948397867132,25.8771092039897,0,25.9426093035556,0,"chi","un",33,1000,0.5,0,0,0,FALSE,0,FALSE,101,"leave-1",1000,0.5,1e+05,TRUE,98
10,0,0,0,10.9380505396065,10.9331843359798,25.8771092039897,0,25.9185070154861,0,"chi","un",33,1000,0.5,0,0,0,FALSE,0,FALSE,101,"leave-1",1000,0.5,1e+05,TRUE,98
10,0,0,0,10.9380505396065,10.9632222866308,25.8771092039897,0,25.9748177919315,0,"chi","un",33,1000,0.5,0,0,0,FALSE,0,FALSE,101,"leave-1",1000,0.5,1e+05,TRUE,98
10,0,0,0,10.9380505396065,10.9584243299486,25.8771092039897,0,25.852033743363,0,"chi","un",33,1000,0.5,0,0,0,FALSE,0,FALSE,101,"leave-1",1000,0.5,1e+05,TRUE,98
10,0,0,0,10.9380505396065,10.9633169975403,25.8771092039897,0,25.9596314333237,0,"chi","un",33,1000,0.5,0,0,0,FALSE,0,FALSE,101,"leave-1",1000,0.5,1e+05,TRUE,98
10,0,0,0,10.9380505396065,10.9507239429391,25.8771092039897,0,25.9204857615053,0,"chi","un",33,1000,0.5,0,0,0,FALSE,0,FALSE,101,"leave-1",1000,0.5,1e+05,TRUE,98
10,0,0,0,10.9380505396065,10.9439953471921,25.8771092039897,0,25.8574153377815,0,"chi","un",33,1000,0.5,0,0,0,FALSE,0,FALSE,101,"leave-1",1000,0.5,1e+05,TRUE,98
10,0,0,0,10.9380505396065,10.9309043880856,25.8771092039897,0,25.854776825323,0,"chi","un",33,1000,0.5,0,0,0,FALSE,0,FALSE,101,"leave-1",1000,0.5,1e+05,TRUE,98
10,0,0,0,10.9380505396065,10.9225019016302,25.8771092039897,0,25.7196049864104,0,"chi","un",33,1000,0.5,0,0,0,FALSE,0,FALSE,101,"leave-1",1000,0.5,1e+05,TRUE,98
10,0,0,0,10.9380505396065,10.9448746622502,25.8771092039897,0,25.8465916432829,0,"chi","un",33,1000,0.5,0,0,0,FALSE,0,FALSE,101,"leave-1",1000,0.5,1e+05,TRUE,98
10,0,0,0,10.9380505396065,10.8918323914011,25.8771092039897,0,25.8357945956687,0,"chi","un",33,1000,0.5,0,0,0,FALSE,0,FALSE,101,"leave-1",1000,0.5,1e+05,TRUE,98
10,0,0,0,10.9380505396065,10.898880861328,25.8771092039897,0,25.7793198159414,0,"chi","un",33,1000,0.5,0,0,0,FALSE,0,FALSE,101,"leave-1",1000,0.5,1e+05,TRUE,98
10,0,0,0,10.9380505396065,10.9489462179677,25.8771092039897,0,25.761313458686,0,"chi","un",33,1000,0.5,0,0,0,FALSE,0,FALSE,101,"leave-1",1000,0.5,1e+05,TRUE,98
10,0,0,0,10.9380505396065,10.9483984427485,25.8771092039897,0,25.8523662207406,0,"chi","un",33,1000,0.5,0,0,0,FALSE,0,FALSE,101,"leave-1",1000,0.5,1e+05,TRUE,98
10,0,0,0,10.9380505396065,10.9488625391642,25.8771092039897,0,25.845969734396,0,"chi","un",33,1000,0.5,0,0,0,FALSE,0,FALSE,101,"leave-1",1000,0.5,1e+05,TRUE,98
10,0,0,0,10.9380505396065,10.9446729221223,25.8771092039897,0,25.9252857408874,0,"chi","un",33,1000,0.5,0,0,0,FALSE,0,FALSE,101,"leave-1",1000,0.5,1e+05,TRUE,98
10,0,0,0,10.9380505396065,10.9443180522247,25.8771092039897,0,25.8220605587166,0,"chi","un",33,1000,0.5,0,0,0,FALSE,0,FALSE,101,"leave-1",1000,0.5,1e+05,TRUE,98
10,0,0,0,10.9380505396065,10.9463886309512,25.8771092039897,0,25.8568615194258,0,"chi","un",33,1000,0.5,0,0,0,FALSE,0,FALSE,101,"leave-1",1000,0.5,1e+05,TRUE,98
10,0,0,0,10.9380505396065,10.9522609172573,25.8771092039897,0,25.8133210758172,0,"chi","un",33,1000,0.5,0,0,0,FALSE,0,FALSE,101,"leave-1",1000,0.5,1e+05,TRUE,98
10,0,0,0,10.9380505396065,10.9423388641349,25.8771092039897,0,25.8960945799418,0,"chi","un",33,1000,0.5,0,0,0,FALSE,0,FALSE,101,"leave-1",1000,0.5,1e+05,TRUE,98
10,0,0,0,10.9380505396065,10.9514626493345,25.8771092039897,0,25.8293474730518,0,"chi","un",33,1000,0.5,0,0,0,FALSE,0,FALSE,101,"leave-1",1000,0.5,1e+05,TRUE,98
10,0,0,0,10.9380505396065,10.9576171366579,25.8771092039897,0,25.8163213330435,0,"chi","un",33,1000,0.5,0,0,0,FALSE,0,FALSE,101,"leave-1",1000,0.5,1e+05,TRUE,98
10,0,0,0,10.9380505396065,10.9456036849715,25.8771092039897,0,25.8733822075369,0,"chi","un",33,1000,0.5,0,0,0,FALSE,0,FALSE,101,"leave-1",1000,0.5,1e+05,TRUE,98
10,0,0,0,10.9380505396065,10.94110948127,25.8771092039897,0,25.8648917788114,0,"chi","un",33,1000,0.5,0,0,0,FALSE,0,FALSE,101,"leave-1",1000,0.5,1e+05,TRUE,98
10,0,0,0,10.9380505396065,10.9696093607149,25.8771092039897,0,25.9558204135683,0,"chi","un",33,1000,0.5,0,0,0,FALSE,0,FALSE,101,"leave-1",1000,0.5,1e+05,TRUE,98
10,0,0,0,10.9380505396065,10.9266400459413,25.8771092039897,0,25.8982604436793,0,"chi","un",33,1000,0.5,0,0,0,FALSE,0,FALSE,101,"leave-1",1000,0.5,1e+05,TRUE,98
10,0,0,0,10.9380505396065,10.9420388003727,25.8771092039897,0,25.6354833322572,0,"chi","un",33,1000,0.5,0,0,0,FALSE,0,FALSE,101,"leave-1",1000,0.5,1e+05,TRUE,98
10,0,0,0,10.9380505396065,10.9353244508381,25.8771092039897,0,25.5343518748465,0,"chi","un",33,1000,0.5,0,0,0,FALSE,0,FALSE,101,"leave-1",1000,0.5,1e+05,TRUE,98
10,0,0,0,10.9380505396065,10.9079501731306,25.8771092039897,0,25.2691798339467,0,"chi","un",33,1000,0.5,0,0,0,FALSE,0,FALSE,101,"leave-1",1000,0.5,1e+05,TRUE,98
10,0,0,0,10.9380505396065,10.9384698189412,25.8771092039897,0,25.8764355685515,0,"chi","un",33,1000,0.5,0,0,0,FALSE,0,FALSE,101,"leave-1",1000,0.5,1e+05,TRUE,98
10,0,0,0,10.9380505396065,10.9453499648691,25.8771092039897,0,25.8727359208712,0,"chi","un",33,1000,0.5,0,0,0,FALSE,0,FALSE,101,"leave-1",1000,0.5,1e+05,TRUE,98
10,0,0,0,10.9380505396065,10.9328243159073,25.8771092039897,0,25.7845248352869,0,"chi","un",33,1000,0.5,0,0,0,FALSE,0,FALSE,101,"leave-1",1000,0.5,1e+05,TRUE,98
10,0,0,0,10.9380505396065,10.9136960628108,25.8771092039897,0,25.8142711116721,0,"chi","un",33,1000,0.5,0,0,0,FALSE,0,FALSE,101,"leave-1",1000,0.5,1e+05,TRUE,98
10,0,0,0,10.9380505396065,10.9263174891658,25.8771092039897,0,25.838410786354,0,"chi","un",33,1000,0.5,0,0,0,FALSE,0,FALSE,101,"leave-1",1000,0.5,1e+05,TRUE,98
10,0,0,0,10.9380505396065,10.9499065274599,25.8771092039897,0,25.8547355088997,0,"chi","un",33,1000,0.5,0,0,0,FALSE,0,FALSE,101,"leave-1",1000,0.5,1e+05,TRUE,98
10,0,0,0,10.9380505396065,10.9696909960798,25.8771092039897,0,25.9307123067429,0,"chi","un",33,1000,0.5,0,0,0,FALSE,0,FALSE,101,"leave-1",1000,0.5,1e+05,TRUE,98
10,0,0,0,10.9380505396065,10.9245034955273,25.8771092039897,0,25.8049840477801,0,"chi","un",33,1000,0.5,0,0,0,FALSE,0,FALSE,101,"leave-1",1000,0.5,1e+05,TRUE,98
10,0,0,0,10.9380505396065,10.9482032346727,25.8771092039897,0,25.7993193345073,0,"chi","un",33,1000,0.5,0,0,0,FALSE,0,FALSE,101,"leave-1",1000,0.5,1e+05,TRUE,98
10,0,0,0,10.9380505396065,10.9382146170962,25.8771092039897,0,25.8725948642086,0,"chi","un",33,1000,0.5,0,0,0,FALSE,0,FALSE,101,"leave-1",1000,0.5,1e+05,TRUE,98
10,0,0,0,10.9380505396065,10.935275290425,25.8771092039897,0,25.7125595565925,0,"chi","un",33,1000,0.5,0,0,0,FALSE,0,FALSE,101,"leave-1",1000,0.5,1e+05,TRUE,98
10,0,0,0,10.9380505396065,10.9555980324418,25.8771092039897,0,25.8590041360669,0,"chi","un",33,1000,0.5,0,0,0,FALSE,0,FALSE,101,"leave-1",1000,0.5,1e+05,TRUE,98
10,0,0,0,10.9380505396065,10.9379563727682,25.8771092039897,0,25.8888854210061,0,"chi","un",33,1000,0.5,0,0,0,FALSE,0,FALSE,101,"leave-1",1000,0.5,1e+05,TRUE,98
10,0,0,0,10.9380505396065,10.5594075069032,25.8771092039897,0,25.5175085685774,0,"chi","un",33,1000,0.5,0,0,0,FALSE,0,FALSE,101,"leave-1",1000,0.5,1e+05,TRUE,98
10,0,0,0,10.9380505396065,10.9457547067429,25.8771092039897,0,25.9460685936376,0,"chi","un",33,1000,0.5,0,0,0,FALSE,0,FALSE,101,"leave-1",1000,0.5,1e+05,TRUE,98
10,0,0,0,10.9380505396065,10.9400299302351,25.8771092039897,0,25.879564602629,0,"chi","un",33,1000,0.5,0,0,0,FALSE,0,FALSE,101,"leave-1",1000,0.5,1e+05,TRUE,98
